breaktable(CX_LS_X107571) {
# Thermometre :	CX_LS_X107571
# Environment :	VA
# Date :	25/02/2016
# Function :	 logT = Sum ( Ai / logR^i )
# Coefficients :	
# A0=	157.672991961469960E3
# A1=	-4.849994252417956E6
# A2=	66.159860056024611E6
# A3=	-525.372968819809730E6
# A4=	2.676710096000900E9
# A5=	-9.074588048697700E9
# A6=	20.472806129246090E9
# A7=	-29.640648342595352E9
# A8=	24.991168631706497E9
# A9=	-9.349723155335781E9
# Rmes(Ohm) Tmes(K)
8.436092E3 1.5949
7.894183E3 1.6652
7.184093E3 1.7685
6.593871E3 1.8672
6.079767E3 1.9663
5.456544E3 2.1091
5.115765E3 2.2020
4.784730E3 2.2997
4.506778E3 2.3955
4.254073E3 2.4919
4.030140E3 2.5895
3.825720E3 2.6871
3.642309E3 2.7867
3.471941E3 2.8856
3.324607E3 2.9837
3.185127E3 3.0823
3.060256E3 3.1800
2.944300E3 3.2785
2.838631E3 3.3766
2.740896E3 3.4745
2.650079E3 3.5730
2.565725E3 3.6709
2.486982E3 3.7694
2.414169E3 3.8667
2.414021E3 3.8671
2.345377E3 3.9654
2.281720E3 4.0629
2.221406E3 4.1608
2.012083E3 4.5552
2.011176E3 4.5568
1.842914E3 4.9519
1.531080E3 5.9684
1.327827E3 6.9574
1.180662E3 7.9477
1.068731E3 8.9381
9.804518E2 9.9280
9.075319E2 10.9344
8.476957E2 11.9263
7.966237E2 12.9243
7.530985E2 13.9116
7.149448E2 14.9020
6.779362E2 15.9929
6.477223E2 16.9986
6.207017E2 17.9962
5.963631E2 18.9882
5.740046E2 19.9851
5.534967E2 20.9842
5.344597E2 21.9898
5.169925E2 22.9864
5.007866E2 23.9824
4.855711E2 24.9868
4.714333E2 25.9835
4.581823E2 26.9805
4.457184E2 27.9766
4.339130E2 28.9767
4.238799E2 29.8798
3.718949E2 35.3861
3.377722E2 39.9976
2.756174E2 51.5518
2.410357E2 60.7306
2.132914E2 70.3534
1.919164E2 79.7379
1.763593E2 88.0458
1.617058E2 97.3554
1.490999E2 106.8386
1.379757E2 116.6502
1.281671E2 126.7150
1.200221E2 136.3091
1.122121E2 146.7995
1.069430E2 154.7469
9.980333E1 166.8541
9.803394E1 170.1394
9.217310E1 181.9069
8.767136E1 192.0345
8.506605E1 198.4108
8.140918E1 208.0629
7.884204E1 215.3975
7.504903E1 227.2204
7.231928E1 236.5519
6.894195E1 249.2250
6.375811E1 271.5850
6.246659E1 277.8213
6.022762E1 289.3382
5.994262E1 290.8701
5.650699E1 310.8586
}
