breaktable(CX_LS_X106644) {
# Thermometre :	CX_LS_X106644
# Environment :	VA
# Date :	14/10/2015
# Function :	 logT = Sum ( Ai / logR^i )
# Coefficients :	
# A0=	-344.158954438642660E3
# A1=	10.980105681782819E6
# A2=	-155.577304351226480E6
# A3=	1.284884867669376E9
# A4=	-6.816275735872937E9
# A5=	24.086855390447159E9
# A6=	-56.696362691745544E9
# A7=	85.717890769278244E9
# A8=	-75.531058924015610E9
# A9=	29.553797299643066E9
# Rmes(Ohm) Tmes(K)
1.627089E4 1.6685
1.494772E4 1.7677
1.368351E4 1.8697
1.257532E4 1.9681
1.116680E4 2.1125
1.037182E4 2.2069
9.648998E3 2.3030
9.002087E3 2.3996
8.428696E3 2.4966
7.916453E3 2.5940
7.458700E3 2.6915
7.046075E3 2.7890
6.672564E3 2.8876
6.337917E3 2.9859
6.032630E3 3.0840
5.757157E3 3.1816
5.503345E3 3.2805
5.272223E3 3.3788
5.060661E3 3.4768
4.864848E3 3.5756
4.683858E3 3.6740
4.516247E3 3.7728
4.361535E3 3.8712
4.217354E3 3.9697
4.083305E3 4.0679
3.957761E3 4.1664
3.729594E3 4.3634
3.528055E3 4.5610
3.188105E3 4.9565
2.575487E3 5.9712
2.187361E3 6.9604
1.912374E3 7.9506
1.707726E3 8.9410
1.548618E3 9.9308
1.419016E3 10.9373
1.313954E3 11.9295
1.225711E3 12.9213
1.150146E3 13.9140
1.084751E3 14.9063
1.022217E3 15.9947
9.712409E2 17.0002
9.259616E2 17.9992
8.852280E2 18.9969
8.482654E2 19.9953
8.145207E2 20.9937
7.836057E2 21.9914
7.551148E2 22.9891
7.287761E2 23.9883
7.042434E2 24.9890
6.814544E2 25.9883
6.601773E2 26.9849
6.402596E2 27.9818
4.708701E2 40.0047
4.692915E2 40.1598
3.725766E2 52.0954
3.205729E2 61.5067
2.798597E2 71.2984
2.490404E2 80.8069
2.273420E2 89.0057
2.053836E2 99.0011
1.878270E2 108.6053
1.722244E2 118.7162
1.597282E2 128.1560
1.473110E2 139.0427
1.368637E2 149.6455
1.296576E2 157.9117
1.205883E2 169.6559
1.175490E2 173.9784
1.093754E2 186.7492
1.039026E2 196.4095
1.004250E2 203.0809
9.578200E1 212.7556
9.228106E1 220.6964
8.701815E1 233.8309
8.361230E1 243.2428
7.929552E1 256.3723
7.501830E1 270.9665
7.247587E1 280.5187
6.991165E1 290.9113
6.760089E1 301.0358
6.551506E1 310.8521
}
