breaktable(CX_LS_X108205) {
# Thermometre :	CX_LS_X108205
# Environment :	VA
# Date :	25/02/2016
# Function :	 logT = Sum ( Ai / logR^i )
# Coefficients :	
# A0=	-89.707437679994822E3
# A1=	2.479164654544622E6
# A2=	-30.312786071357407E6
# A3=	215.108037362085880E6
# A4=	-975.710874803493620E6
# A5=	2.931440957836204E9
# A6=	-5.828061443306970E9
# A7=	7.384705111781535E9
# A8=	-5.402963823308278E9
# A9=	1.735463039130660E9
# Rmes(Ohm) Tmes(K)
6.165043E3 1.5970
5.793223E3 1.6650
5.291062E3 1.7685
4.878223E3 1.8671
4.519254E3 1.9663
4.080463E3 2.1089
3.838256E3 2.2021
3.612930E3 2.2994
3.417003E3 2.3955
3.240264E3 2.4919
3.082193E3 2.5892
2.937132E3 2.6875
2.804290E3 2.7869
2.684082E3 2.8856
2.577119E3 2.9837
2.477783E3 3.0823
2.387248E3 3.1802
2.303565E3 3.2784
2.226317E3 3.3766
2.155100E3 3.4745
2.088299E3 3.5730
2.026643E3 3.6709
1.968809E3 3.7692
1.914997E3 3.8667
1.914971E3 3.8671
1.864271E3 3.9653
1.817029E3 4.0629
1.772282E3 4.1608
1.615873E3 4.5552
1.615454E3 4.5568
1.488825E3 4.9519
1.251747E3 5.9683
1.095159E3 6.9574
9.807030E2 7.9477
8.929773E2 8.9382
8.232968E2 9.9282
7.653944E2 10.9345
7.173232E2 11.9359
6.767667E2 12.9231
6.417023E2 13.9116
6.108628E2 14.9021
5.808162E2 15.9943
5.562601E2 16.9990
5.342752E2 17.9948
5.142821E2 18.9888
4.959929E2 19.9858
4.791004E2 20.9855
4.634342E2 21.9908
4.490053E2 22.9880
4.355831E2 23.9853
4.230039E2 24.9878
4.112518E2 25.9855
4.002151E2 26.9836
3.898245E2 27.9805
3.799899E2 28.9793
3.716486E2 29.8710
3.278574E2 35.4022
2.990652E2 40.0110
2.461407E2 51.5640
2.164092E2 60.7502
1.924257E2 70.3752
1.737800E2 79.8037
1.602123E2 88.1035
1.473944E2 97.3989
1.363060E2 106.8900
1.264888E2 116.6986
1.178039E2 126.7596
1.105583E2 136.3699
1.036158E2 146.8404
9.890719E1 154.7910
9.251701E1 166.8921
9.093131E1 170.1703
8.565716E1 181.9546
8.160999E1 192.0666
7.926198E1 198.4327
7.597218E1 208.0462
7.363713E1 215.4153
7.020417E1 227.2226
6.773862E1 236.5099
6.466105E1 249.2001
5.993118E1 271.5807
5.875088E1 277.8235
5.672977E1 289.2065
5.646210E1 290.7813
5.332295E1 310.7227
}
