breaktable(CX_LS_X107491) {
# Thermometre :	CX_LS_X107491
# Environment :	VA
# Date :	14/10/2015
# Function :	 logT = Sum ( Ai / logR^i )
# Coefficients :	
# A0=	-1.320809516635015E6
# A1=	40.399915501560450E6
# A2=	-548.656211247344970E6
# A3=	4.342062553492067E9
# A4=	-22.068015477023247E9
# A5=	74.695521985962540E9
# A6=	-168.379328072216090E9
# A7=	243.753506402316350E9
# A8=	-205.628248711828800E9
# A9=	77.016726997134323E9
# Rmes(Ohm) Tmes(K)
8.461003E3 1.6662
7.741566E3 1.7670
7.056762E3 1.8697
6.505067E3 1.9683
5.824354E3 2.1123
5.444091E3 2.2068
5.110361E3 2.3018
4.801254E3 2.3996
4.530633E3 2.4963
4.286891E3 2.5940
4.069101E3 2.6915
3.872162E3 2.7891
3.693386E3 2.8876
3.530773E3 2.9859
3.383401E3 3.0841
3.249346E3 3.1816
3.124112E3 3.2806
3.009954E3 3.3788
2.904722E3 3.4769
2.807146E3 3.5753
2.715859E3 3.6740
2.631031E3 3.7728
2.552289E3 3.8713
2.478826E3 3.9697
2.409817E3 4.0678
2.345136E3 4.1665
2.226788E3 4.3634
2.121133E3 4.5611
1.941096E3 4.9566
1.608870E3 5.9711
1.392542E3 6.9604
1.236209E3 7.9506
1.117398E3 8.9409
1.023694E3 9.9310
9.465879E2 10.9372
8.834297E2 11.9294
8.298008E2 12.9214
7.835982E2 13.9140
7.432522E2 14.9063
7.043400E2 15.9933
6.725343E2 16.9998
6.440621E2 17.9986
6.182848E2 18.9967
5.948077E2 19.9950
5.732746E2 20.9932
5.534719E2 21.9904
5.351491E2 22.9876
5.181501E2 23.9855
5.022051E2 24.9880
4.873848E2 25.9866
4.735080E2 26.9823
4.604761E2 27.9784
3.480044E2 39.9675
3.469374E2 40.1191
2.809731E2 52.0405
2.447312E2 61.4745
2.161416E2 71.2602
1.942848E2 80.7521
1.787507E2 88.9254
1.628534E2 98.9355
1.500490E2 108.5351
1.385902E2 118.6419
1.293996E2 128.0395
1.201011E2 138.9786
1.122613E2 149.5924
1.068335E2 157.8487
9.995650E1 169.6017
9.764999E1 173.9219
9.140118E1 186.7095
8.719887E1 196.3680
8.451931E1 203.0406
8.092485E1 212.7318
7.824091E1 220.5790
7.410822E1 233.8174
7.143184E1 243.2774
6.805260E1 256.3888
6.467863E1 271.0034
6.266290E1 280.5893
6.062998E1 290.9828
5.880190E1 301.0762
5.712602E1 310.9830
}
