breaktable(CX_LS_X105676) {
# Thermometre :	CX_LS_X105676
# Environment :	VA
# Date :	25/02/2016
# Function :	 logT = Sum ( Ai / logR^i )
# Coefficients :	
# A0=	-556.733189825061830E3
# A1=	18.237583284957558E6
# A2=	-265.310277911359970E6
# A3=	2.249542059824980E9
# A4=	-12.251079370788734E9
# A5=	44.440589432856300E9
# A6=	-107.374822057924650E9
# A7=	166.625353357377380E9
# A8=	-150.692629398397950E9
# A9=	60.513285457754471E9
# Rmes(Ohm) Tmes(K)
2.112210E4 1.5983
2.002153E4 1.6648
1.835658E4 1.7685
1.686252E4 1.8671
1.547964E4 1.9663
1.372679E4 2.1089
1.274291E4 2.2022
1.178873E4 2.2993
1.097878E4 2.3955
1.025694E4 2.4919
9.602513E3 2.5890
9.010914E3 2.6877
8.472978E3 2.7870
8.000374E3 2.8855
7.578535E3 2.9837
7.191982E3 3.0823
6.845339E3 3.1802
6.529889E3 3.2783
6.240467E3 3.3766
5.977607E3 3.4745
5.734455E3 3.5729
5.510065E3 3.6709
5.304024E3 3.7692
5.112987E3 3.8668
5.113055E3 3.8671
4.935117E3 3.9653
4.770611E3 4.0630
4.616765E3 4.1608
4.090455E3 4.5552
4.088389E3 4.5568
3.675383E3 4.9519
2.936008E3 5.9682
2.473528E3 6.9574
2.149208E3 7.9477
1.909010E3 8.9383
1.723541E3 9.9283
1.573147E3 10.9346
1.450163E3 11.9419
1.349784E3 12.9223
1.263790E3 13.9116
1.189075E3 14.9022
1.117613E3 15.9951
1.059903E3 16.9993
1.008883E3 17.9940
9.630535E2 18.9892
9.214645E2 19.9862
8.835026E2 20.9864
8.485946E2 21.9914
8.167382E2 22.9890
7.873491E2 23.9872
7.600596E2 24.9884
7.347289E2 25.9867
7.111201E2 26.9855
6.890450E2 27.9829
6.683100E2 28.9810
6.510530E2 29.8655
5.605578E2 35.4123
5.028915E2 40.0194
4.001384E2 51.5716
3.443386E2 60.7625
3.004353E2 70.3891
2.669436E2 79.8448
2.430463E2 88.1395
2.208158E2 97.4261
2.018350E2 106.9225
1.852494E2 116.7289
1.707581E2 126.7878
1.587944E2 136.4081
1.474825E2 146.8661
1.398610E2 154.8189
1.296148E2 166.9158
1.270880E2 170.1896
1.187248E2 181.9845
1.123627E2 192.0869
1.086940E2 198.4463
1.035890E2 208.0357
9.996527E1 215.4266
9.468525E1 227.2240
9.092157E1 236.4836
8.623090E1 249.1845
7.908217E1 271.5780
7.730934E1 277.8250
7.430272E1 289.1233
7.389732E1 290.7255
6.923155E1 310.6383
}
