breaktable(CX_LS_X106583) {
# Thermometre :	CX_LS_X106583
# Environment :	VA
# Date :	25/02/2016
# Function :	 logT = Sum ( Ai / logR^i )
# Coefficients :	
# A0=	-464.640068520911620E3
# A1=	14.863352002836844E6
# A2=	-211.154442683666350E6
# A3=	1.748446054739969E9
# A4=	-9.299477405741575E9
# A5=	32.946032838617756E9
# A6=	-77.745815144761230E9
# A7=	117.836051076894760E9
# A8=	-104.088359349794010E9
# A9=	40.826650906316208E9
# Rmes(Ohm) Tmes(K)
1.588817E4 1.5977
1.499978E4 1.6649
1.369711E4 1.7685
1.256339E4 1.8671
1.153443E4 1.9663
1.026489E4 2.1089
9.543523E3 2.2022
8.873375E3 2.2993
8.297654E3 2.3955
7.774042E3 2.4919
7.308564E3 2.5891
6.883974E3 2.6876
6.503679E3 2.7869
6.164393E3 2.8855
5.858208E3 2.9837
5.579952E3 3.0823
5.328848E3 3.1802
5.099396E3 3.2783
4.888767E3 3.3766
4.696419E3 3.4745
4.517667E3 3.5729
4.353395E3 3.6709
4.200751E3 3.7692
4.059825E3 3.8667
4.059828E3 3.8671
3.927857E3 3.9653
3.805855E3 4.0630
3.691060E3 4.1608
3.296536E3 4.5552
3.294946E3 4.5568
2.982869E3 4.9519
2.416742E3 5.9682
2.057498E3 6.9574
1.802750E3 7.9477
1.612304E3 8.9382
1.464154E3 9.9282
1.343223E3 10.9345
1.244041E3 11.9393
1.162106E3 12.9226
1.091766E3 13.9116
1.030638E3 14.9022
9.717433E2 15.9947
9.240056E2 16.9992
8.816782E2 17.9944
8.434384E2 18.9891
8.087329E2 19.9860
7.769253E2 20.9860
7.476044E2 21.9912
7.207633E2 22.9886
6.959376E2 23.9864
6.728217E2 24.9882
6.513202E2 25.9862
6.312342E2 26.9846
6.124119E2 27.9818
5.946921E2 28.9802
5.798380E2 29.8680
5.020592E2 35.4078
4.519998E2 40.0156
3.620051E2 51.5682
3.126839E2 60.7570
2.736343E2 70.3829
2.437242E2 79.8265
2.222851E2 88.1235
2.022784E2 97.4140
1.851635E2 106.9081
1.701822E2 116.7156
1.570707E2 126.7753
1.462367E2 136.3911
1.359715E2 146.8548
1.290546E2 154.8066
1.197451E2 166.9052
1.174484E2 170.1810
1.098474E2 181.9711
1.040571E2 192.0780
1.007180E2 198.4403
9.606681E1 208.0403
9.277158E1 215.4217
8.796194E1 227.2233
8.453089E1 236.4951
8.026058E1 249.1914
7.375043E1 271.5792
7.213562E1 277.8243
6.939265E1 289.1601
6.902502E1 290.7503
6.477690E1 310.6756
}
