breaktable(CX_LS_X106952) {
# Thermometre :	CX_LS_X106952
# Environment :	VA
# Date :	14/10/2015
# Function :	 logT = Sum ( Ai / logR^i )
# Coefficients :	
# A0=	-317.662712373691610E3
# A1=	9.732178903726837E6
# A2=	-132.438704368219640E6
# A3=	1.050670843952379E9
# A4=	-5.354906575378138E9
# A5=	18.182567757048843E9
# A6=	-41.130886144646774E9
# A7=	59.770729484817627E9
# A8=	-50.630487669058952E9
# A9=	19.047283989486839E9
# Rmes(Ohm) Tmes(K)
9.127576E3 1.6691
8.339139E3 1.7679
7.623580E3 1.8697
7.020894E3 1.9681
6.272777E3 2.1125
5.855364E3 2.2069
5.480704E3 2.3032
5.152121E3 2.3996
4.855337E3 2.4967
4.589581E3 2.5940
4.352194E3 2.6914
4.138591E3 2.7890
3.942968E3 2.8877
3.766542E3 2.9859
3.606531E3 3.0840
3.460453E3 3.1816
3.325474E3 3.2805
3.201405E3 3.3788
3.087714E3 3.4767
2.981233E3 3.5757
2.883424E3 3.6740
2.792012E3 3.7728
2.707035E3 3.8712
2.627903E3 3.9697
2.553432E3 4.0679
2.483979E3 4.1664
2.356574E3 4.3634
2.243013E3 4.5610
2.049921E3 4.9565
1.694651E3 5.9712
1.463901E3 6.9604
1.297736E3 7.9506
1.171703E3 8.9410
1.072407E3 9.9308
9.908801E2 10.9373
9.240995E2 11.9295
8.674942E2 12.9213
8.187236E2 13.9140
7.761883E2 14.9064
7.352000E2 15.9950
7.017070E2 17.0003
6.717398E2 17.9994
6.446583E2 18.9969
6.199754E2 19.9954
5.973444E2 20.9938
5.765300E2 21.9916
5.572750E2 22.9895
5.394126E2 23.9889
5.227258E2 24.9892
5.071696E2 25.9887
4.926025E2 26.9855
4.789249E2 27.9827
3.609100E2 40.0136
3.597951E2 40.1698
2.908940E2 52.1086
2.533166E2 61.5143
2.235420E2 71.3075
2.007744E2 80.8200
1.846132E2 89.0249
1.681457E2 99.0168
1.548768E2 108.6222
1.430001E2 118.7340
1.334150E2 128.1837
1.238542E2 139.0575
1.157492E2 149.6584
1.101245E2 157.9267
1.030184E2 169.6689
1.006259E2 173.9919
9.417761E1 186.7586
8.983487E1 196.4195
8.706617E1 203.0906
8.335934E1 212.7613
8.054700E1 220.7247
7.632345E1 233.8342
7.357839E1 243.2344
7.008134E1 256.3684
6.660544E1 270.9577
6.453361E1 280.5017
6.243750E1 290.8942
6.054226E1 301.0261
5.883267E1 310.8208
}
