breaktable(CX_LS_X106642) {
# Thermometre :	CX_LS_X106642
# Environment :	VA
# Date :	14/10/2015
# Function :	 logT = Sum ( Ai / logR^i )
# Coefficients :	
# A0=	-266.199433618288430E3
# A1=	8.274966376278684E6
# A2=	-114.245131223908630E6
# A3=	919.405986297665120E6
# A4=	-4.752936722310081E9
# A5=	16.367684697464270E9
# A6=	-37.547027313484077E9
# A7=	55.325650508156441E9
# A8=	-47.515723298073242E9
# A9=	18.121925075557018E9
# Rmes(Ohm) Tmes(K)
1.223568E4 1.6684
1.119774E4 1.7677
1.023478E4 1.8697
9.409673E3 1.9681
8.374948E3 2.1125
7.798850E3 2.2069
7.272212E3 2.3029
6.812633E3 2.3996
6.396548E3 2.4966
6.028766E3 2.5940
5.697802E3 2.6915
5.400616E3 2.7890
5.130098E3 2.8876
4.885256E3 2.9859
4.664364E3 3.0840
4.463719E3 3.1816
4.278118E3 3.2805
4.108844E3 3.3788
3.953472E3 3.4768
3.809118E3 3.5756
3.675687E3 3.6740
3.551748E3 3.7728
3.436910E3 3.8712
3.329760E3 3.9697
3.230081E3 4.0679
3.136250E3 4.1664
2.965644E3 4.3634
2.814221E3 4.5610
2.557580E3 4.9565
2.090282E3 5.9712
1.790906E3 6.9604
1.576607E3 7.9506
1.415824E3 8.9410
1.290181E3 9.9308
1.187234E3 10.9373
1.103405E3 11.9295
1.032710E3 12.9213
9.719135E2 13.9140
9.191189E2 14.9063
8.685088E2 15.9946
8.270452E2 17.0002
7.901938E2 17.9992
7.569281E2 18.9969
7.266769E2 19.9953
6.989959E2 20.9936
6.735808E2 21.9913
6.501165E2 22.9890
6.283777E2 23.9881
6.080926E2 24.9890
5.892189E2 25.9883
5.715696E2 26.9847
5.550207E2 27.9817
4.131431E2 40.0030
4.118093E2 40.1581
3.297396E2 52.0928
2.852301E2 61.5052
2.501825E2 71.2965
2.235162E2 80.8043
2.046620E2 89.0020
1.855098E2 98.9980
1.701408E2 108.6023
1.564358E2 118.7127
1.454285E2 128.1506
1.344550E2 139.0398
1.251966E2 149.6432
1.187970E2 157.9087
1.107244E2 169.6536
1.080147E2 173.9757
1.007151E2 186.7473
9.581758E1 196.4078
9.270135E1 203.0791
8.853569E1 212.7545
8.539206E1 220.6910
8.065584E1 233.8303
7.758684E1 243.2444
7.369258E1 256.3731
6.982786E1 270.9682
6.752738E1 280.5220
6.520523E1 290.9146
6.311105E1 301.0376
6.121768E1 310.8582
}
