breaktable(CX_LS_X107472) {
# Thermometre :	CX_LS_X107472
# Environment :	VA
# Date :	14/10/2015
# Function :	 logT = Sum ( Ai / logR^i )
# Coefficients :	
# A0=	380.691619544950260E3
# A1=	-11.551516741165668E6
# A2=	155.547799238261130E6
# A3=	-1.220017252680262E9
# A4=	6.142693418430660E9
# A5=	-20.589725463009068E9
# A6=	45.946605856647232E9
# A7=	-65.823999517713509E9
# A8=	54.935798160497307E9
# A9=	-20.350588131404091E9
# Rmes(Ohm) Tmes(K)
6.643192E3 1.6695
6.089851E3 1.7680
5.594899E3 1.8697
5.180319E3 1.9681
4.664193E3 2.1125
4.379766E3 2.2069
4.117226E3 2.3034
3.887685E3 2.3996
3.681597E3 2.4967
3.496338E3 2.5940
3.329130E3 2.6914
3.177165E3 2.7890
3.039998E3 2.8877
2.914209E3 2.9859
2.799405E3 3.0840
2.694687E3 3.1816
2.597152E3 3.2805
2.507716E3 3.3788
2.425186E3 3.4767
2.347865E3 3.5758
2.276515E3 3.6740
2.209574E3 3.7728
2.147310E3 3.8711
2.088888E3 3.9697
2.034141E3 4.0679
1.982628E3 4.1664
1.888061E3 4.3634
1.803504E3 4.5610
1.658445E3 4.9565
1.388663E3 5.9712
1.210801E3 6.9604
1.081074E3 7.9506
9.820360E2 8.9410
9.036031E2 9.9308
8.384809E2 10.9373
7.849474E2 11.9295
7.393738E2 12.9213
6.999285E2 13.9140
6.653864E2 14.9064
6.319870E2 15.9953
6.045766E2 17.0004
5.799941E2 17.9995
5.577149E2 18.9970
5.373544E2 19.9954
5.186390E2 20.9938
5.013835E2 21.9918
4.853883E2 22.9897
4.705147E2 23.9894
4.566001E2 24.9894
4.436006E2 25.9890
4.314013E2 26.9859
4.199280E2 27.9832
3.200493E2 40.0199
3.191003E2 40.1765
2.600117E2 52.1178
2.275273E2 61.5197
2.016152E2 71.3140
1.816970E2 80.8291
1.674994E2 89.0383
1.529833E2 99.0276
1.412422E2 108.6339
1.306972E2 118.7463
1.221554E2 128.2030
1.136267E2 139.0678
1.063716E2 149.6670
1.013258E2 157.9372
9.493896E1 169.6779
9.278414E1 174.0012
8.697139E1 186.7652
8.304799E1 196.4264
8.054342E1 203.0973
7.718713E1 212.7653
7.463229E1 220.7442
7.080199E1 233.8365
6.830768E1 243.2287
6.512212E1 256.3656
6.195204E1 270.9516
6.006081E1 280.4900
5.814470E1 290.8823
5.640915E1 301.0195
5.484511E1 310.7991
}
