breaktable(CX_LS_X108206) {
# Thermometre :	CX_LS_X108206
# Environment :	VA
# Date :	25/02/2016
# Function :	 logT = Sum ( Ai / logR^i )
# Coefficients :	
# A0=	40.053433728608470E3
# A1=	-1.342865024355510E6
# A2=	19.606655207833335E6
# A3=	-164.372780362470030E6
# A4=	874.702137069711570E6
# A5=	-3.070814442098973E9
# A6=	7.123998169586938E9
# A7=	-10.544334650155344E9
# A8=	9.044080647813316E9
# A9=	-3.427646048118948E9
# Rmes(Ohm) Tmes(K)
5.246974E3 1.5970
4.937650E3 1.6650
4.520833E3 1.7685
4.178827E3 1.8671
3.885036E3 1.9663
3.518927E3 2.1089
3.316871E3 2.2021
3.131457E3 2.2994
2.967622E3 2.3955
2.820644E3 2.4919
2.687046E3 2.5892
2.565228E3 2.6875
2.454165E3 2.7869
2.353517E3 2.8856
2.262204E3 2.9837
2.178549E3 3.0823
2.102022E3 3.1802
2.031041E3 3.2784
1.965457E3 3.3766
1.904839E3 3.4745
1.848251E3 3.5730
1.795431E3 3.6709
1.746149E3 3.7692
1.700203E3 3.8667
1.700015E3 3.8671
1.656669E3 3.9653
1.616140E3 4.0629
1.577803E3 4.1608
1.443200E3 4.5552
1.442817E3 4.5568
1.333614E3 4.9519
1.127763E3 5.9683
9.909011E2 6.9574
8.903817E2 7.9477
8.130388E2 8.9382
7.513930E2 9.9282
7.000168E2 10.9345
6.572495E2 11.9361
6.211043E2 12.9230
5.897775E2 13.9116
5.621656E2 14.9022
5.352596E2 15.9943
5.132114E2 16.9990
4.934564E2 17.9948
4.754553E2 18.9888
4.589705E2 19.9858
4.437221E2 20.9856
4.295713E2 21.9908
4.165239E2 22.9881
4.043730E2 23.9854
3.929752E2 24.9878
3.823184E2 25.9855
3.722996E2 26.9836
3.628610E2 27.9806
3.539185E2 28.9794
3.463339E2 29.8708
3.063969E2 35.4026
2.800606E2 40.0113
2.314600E2 51.5642
2.040376E2 60.7507
1.818491E2 70.3757
1.645500E2 79.8053
1.519368E2 88.1049
1.399977E2 97.4000
1.296478E2 106.8913
1.204679E2 116.6998
1.123330E2 126.7607
1.055367E2 136.3714
9.901592E1 146.8414
9.458825E1 154.7921
8.857289E1 166.8930
8.707871E1 170.1710
8.210634E1 181.9557
7.828663E1 192.0674
7.606870E1 198.4332
7.295960E1 208.0458
7.075067E1 215.4158
6.750137E1 227.2226
6.516602E1 236.5089
6.224836E1 249.1996
5.775932E1 271.5806
5.663837E1 277.8236
5.471888E1 289.2033
5.446401E1 290.7791
5.147929E1 310.7194
}
