breaktable(CX_LS_X106591) {
# Thermometre :	CX_LS_X106591
# Environment :	VA
# Date :	14/10/2015
# Function :	 logT = Sum ( Ai / logR^i )
# Coefficients :	
# A0=	-346.561258555631910E3
# A1=	10.812622576087736E6
# A2=	-149.834550195047170E6
# A3=	1.210345507406258E9
# A4=	-6.280734783887743E9
# A5=	21.712042378626205E9
# A6=	-50.000274470832344E9
# A7=	73.964739063672882E9
# A8=	-63.775561369813515E9
# A9=	24.420620031938587E9
# Rmes(Ohm) Tmes(K)
1.177365E4 1.6681
1.077546E4 1.7676
9.851615E3 1.8697
9.062087E3 1.9682
8.073934E3 2.1124
7.522204E3 2.2069
7.019645E3 2.3028
6.580053E3 2.3996
6.184394E3 2.4966
5.831596E3 2.5940
5.512743E3 2.6915
5.227631E3 2.7890
4.968725E3 2.8876
4.736910E3 2.9859
4.523212E3 3.0840
4.330698E3 3.1816
4.152250E3 3.2805
3.989476E3 3.3788
3.840187E3 3.4768
3.701280E3 3.5756
3.572999E3 3.6740
3.453600E3 3.7728
3.343024E3 3.8712
3.240178E3 3.9697
3.143432E3 4.0679
3.053305E3 4.1664
2.888964E3 4.3634
2.742705E3 4.5610
2.494662E3 4.9565
2.042445E3 5.9711
1.752090E3 6.9604
1.544383E3 7.9506
1.387738E3 8.9410
1.265587E3 9.9309
1.165268E3 10.9373
1.083510E3 11.9294
1.014538E3 12.9213
9.552148E2 13.9140
9.036545E2 14.9063
8.542115E2 15.9945
8.136904E2 17.0002
7.776698E2 17.9991
7.451340E2 18.9969
7.155388E2 19.9952
6.884499E2 20.9936
6.635727E2 21.9912
6.405965E2 22.9889
6.193079E2 23.9878
5.994324E2 24.9888
5.809385E2 25.9881
5.636408E2 26.9844
5.474182E2 27.9813
4.082139E2 39.9986
4.069026E2 40.1532
3.262174E2 52.0864
2.823850E2 61.5013
2.478575E2 71.2920
2.215669E2 80.7978
2.029653E2 88.9924
1.840493E2 98.9902
1.688639E2 108.5939
1.553229E2 118.7039
1.444511E2 128.1367
1.335946E2 139.0324
1.244369E2 149.6369
1.181060E2 157.9012
1.101159E2 169.6471
1.074348E2 173.9690
1.002053E2 186.7426
9.535476E1 196.4028
9.226776E1 203.0742
8.813919E1 212.7517
8.502752E1 220.6769
8.032751E1 233.8287
7.728240E1 243.2485
7.342073E1 256.3751
6.958533E1 270.9727
6.730141E1 280.5305
6.499632E1 290.9232
6.291801E1 301.0425
6.103638E1 310.8738
}
