breaktable(CX_LS_X105672) {
# Thermometre :	CX_LS_X105672
# Environment :	VA
# Date :	25/02/2016
# Function :	 logT = Sum ( Ai / logR^i )
# Coefficients :	
# A0=	-83.198205409840884E3
# A1=	2.440768934597582E6
# A2=	-31.747934692471437E6
# A3=	240.259172530869990E6
# A4=	-1.165501104997901E9
# A5=	3.757448700102298E9
# A6=	-8.048083252103906E9
# A7=	11.040035384876440E9
# A8=	-8.797523557968010E9
# A9=	3.101446291832998E9
# Rmes(Ohm) Tmes(K)
1.049308E4 1.5981
9.864842E3 1.6649
8.976803E3 1.7685
8.230872E3 1.8671
7.573808E3 1.9663
6.769931E3 2.1089
6.317976E3 2.2022
5.902038E3 2.2993
5.541057E3 2.3955
5.220132E3 2.4919
4.929492E3 2.5890
4.663938E3 2.6877
4.429635E3 2.7870
4.214991E3 2.8855
4.022300E3 2.9837
3.846645E3 3.0823
3.687690E3 3.1802
3.541503E3 3.2783
3.407230E3 3.3766
3.283359E3 3.4745
3.168697E3 3.5729
3.062999E3 3.6709
2.964359E3 3.7692
2.872684E3 3.8667
2.872427E3 3.8671
2.786827E3 3.9653
2.706732E3 4.0630
2.631877E3 4.1608
2.372108E3 4.5552
2.370830E3 4.5568
2.163013E3 4.9519
1.780921E3 5.9682
1.534328E3 6.9574
1.357212E3 7.9477
1.223387E3 8.9383
1.118349E3 9.9283
1.031984E3 10.9345
9.605016E2 11.9409
9.013996E2 12.9224
8.502871E2 13.9116
8.056899E2 14.9022
7.625663E2 15.9950
7.274570E2 16.9992
6.962161E2 17.9941
6.679197E2 18.9892
6.421436E2 19.9862
6.184770E2 20.9862
5.965765E2 21.9913
5.764946E2 22.9889
5.578802E2 23.9869
5.405085E2 24.9883
5.243169E2 25.9865
5.091619E2 26.9851
4.949341E2 27.9825
4.815177E2 28.9807
4.702880E2 29.8665
4.109386E2 35.4105
3.725000E2 40.0179
3.027264E2 51.5703
2.640504E2 60.7603
2.331652E2 70.3866
2.093042E2 79.8377
1.920922E2 88.1332
1.759284E2 97.4213
1.620029E2 106.9169
1.497314E2 116.7237
1.389224E2 126.7829
1.299347E2 136.4015
1.213763E2 146.8616
1.155785E2 154.8141
1.077372E2 166.9116
1.057955E2 170.1863
9.934014E1 181.9791
9.441245E1 192.0834
9.155788E1 198.4439
8.757252E1 208.0375
8.473532E1 215.4247
8.058299E1 227.2237
7.761172E1 236.4880
7.389805E1 249.1872
6.820802E1 271.5785
6.679066E1 277.8247
6.438183E1 289.1377
6.405731E1 290.7352
6.030528E1 310.6526
}
