breaktable(CX_LS_X107604) {
# Thermometre :	CX_LS_X107604
# Environment :	VA
# Date :	25/02/2016
# Function :	 logT = Sum ( Ai / logR^i )
# Coefficients :	
# A0=	98.212699942953244E3
# A1=	-3.094393634180402E6
# A2=	43.131398472718917E6
# A3=	-349.233238432783900E6
# A4=	1.810912889527798E9
# A5=	-6.238283252483498E9
# A6=	14.280023545884912E9
# A7=	-20.950245627336990E9
# A8=	17.878424945308849E9
# A9=	-6.762711753893689E9
# Rmes(Ohm) Tmes(K)
7.287563E3 1.5965
6.833238E3 1.6651
6.225391E3 1.7685
5.723322E3 1.8671
5.289101E3 1.9663
4.756949E3 2.1090
4.454883E3 2.2021
4.187917E3 2.2995
3.949155E3 2.3955
3.736919E3 2.4919
3.544568E3 2.5892
3.369768E3 2.6874
3.211788E3 2.7868
3.068524E3 2.8856
2.940361E3 2.9837
2.821431E3 3.0823
2.714059E3 3.1801
2.614478E3 3.2784
2.523009E3 3.3766
2.438770E3 3.4745
2.360131E3 3.5730
2.287320E3 3.6709
2.219357E3 3.7693
2.156088E3 3.8667
2.155902E3 3.8671
2.096423E3 3.9653
2.040870E3 4.0629
1.988518E3 4.1608
1.806140E3 4.5552
1.805522E3 4.5568
1.658420E3 4.9519
1.384554E3 5.9683
1.205154E3 6.9574
1.074732E3 7.9477
9.751995E2 8.9382
8.965037E2 9.9282
8.313300E2 10.9345
7.774943E2 11.9336
7.319556E2 12.9234
6.928241E2 13.9116
6.584614E2 14.9021
6.251241E2 15.9940
5.978613E2 16.9989
5.734979E2 17.9952
5.514251E2 18.9887
5.312063E2 19.9856
5.126063E2 20.9852
4.953425E2 21.9906
4.794780E2 22.9877
4.647426E2 23.9846
4.509385E2 24.9876
4.380639E2 25.9850
4.259879E2 26.9828
4.146275E2 27.9795
4.038811E2 28.9787
3.947320E2 29.8731
3.471397E2 35.3983
3.159120E2 40.0078
2.587969E2 51.5610
2.268833E2 60.7455
2.012307E2 70.3700
1.813653E2 79.7878
1.669307E2 88.0895
1.533189E2 97.3884
1.415730E2 106.8777
1.311977E2 116.6868
1.220393E2 126.7488
1.144156E2 136.3552
1.071158E2 146.8305
1.021746E2 154.7805
9.547681E1 166.8829
9.381580E1 170.1628
8.830098E1 181.9430
8.407076E1 192.0589
8.161893E1 198.4273
7.818410E1 208.0502
7.575336E1 215.4110
7.217701E1 227.2220
6.960865E1 236.5199
6.641077E1 249.2061
6.150088E1 271.5818
6.027676E1 277.8230
5.817523E1 289.2385
5.789935E1 290.8025
5.464655E1 310.7556
}
