breaktable(CX_LS_X106795) {
# Thermometre :	CX_LS_X106795
# Environment :	VA
# Date :	14/10/2015
# Function :	 logT = Sum ( Ai / logR^i )
# Coefficients :	
# A0=	50.348220977039782E3
# A1=	-1.598014254357753E6
# A2=	22.341422653188635E6
# A3=	-180.826635693954800E6
# A4=	934.718623866176370E6
# A5=	-3.202659027314920E9
# A6=	7.278326400704952E9
# A7=	-10.584638816695288E9
# A8=	8.941978748623518E9
# A9=	-3.344733770084698E9
# Rmes(Ohm) Tmes(K)
5.139236E3 1.6690
4.719763E3 1.7679
4.345291E3 1.8697
4.032712E3 1.9681
3.647499E3 2.1125
3.433422E3 2.2069
3.239319E3 2.3032
3.065819E3 2.3996
2.911077E3 2.4967
2.770934E3 2.5940
2.645643E3 2.6914
2.531275E3 2.7890
2.426542E3 2.8877
2.331726E3 2.9859
2.244398E3 3.0840
2.164750E3 3.1816
2.090518E3 3.2805
2.022282E3 3.3788
1.959270E3 3.4768
1.900013E3 3.5757
1.845320E3 3.6740
1.793941E3 3.7728
1.746017E3 3.8712
1.701205E3 3.9697
1.658806E3 4.0679
1.619169E3 4.1664
1.546090E3 4.3634
1.480528E3 4.5610
1.367932E3 4.9565
1.157130E3 5.9712
1.017162E3 6.9604
9.145162E2 7.9506
8.357833E2 8.9410
7.731154E2 9.9308
7.209276E2 10.9373
6.778853E2 11.9295
6.411720E2 12.9213
6.092912E2 13.9140
5.813019E2 14.9064
5.541702E2 15.9950
5.318453E2 17.0003
5.117769E2 17.9994
4.935415E2 18.9969
4.768379E2 19.9954
4.614504E2 20.9937
4.472336E2 21.9916
4.340219E2 22.9894
4.217131E2 23.9888
4.101638E2 24.9892
3.993554E2 25.9887
3.891929E2 26.9853
3.796139E2 27.9825
2.952639E2 40.0118
2.944513E2 40.1676
2.434794E2 52.1058
2.150213E2 61.5128
1.920950E2 71.3056
1.743093E2 80.8172
1.615341E2 89.0209
1.483743E2 99.0135
1.376575E2 108.6189
1.279727E2 118.7302
1.200894E2 128.1779
1.121571E2 139.0546
1.053805E2 149.6557
1.006468E2 157.9236
9.462875E1 169.6664
9.259281E1 173.9890
8.707961E1 186.7566
8.334486E1 196.4176
8.095415E1 203.0886
7.774107E1 212.7601
7.529514E1 220.7192
7.160265E1 233.8335
6.919234E1 243.2362
6.610998E1 256.3692
6.303087E1 270.9596
6.118821E1 280.5053
5.931843E1 290.8978
5.762292E1 301.0281
5.608797E1 310.8274
}
