breaktable(CX_LS_X107597) {
# Thermometre :	CX_LS_X107597
# Environment :	VA
# Date :	25/02/2016
# Function :	 logT = Sum ( Ai / logR^i )
# Coefficients :	
# A0=	-142.696889847891090E3
# A1=	4.110056941875288E6
# A2=	-52.519113875758864E6
# A3=	390.735802643603090E6
# A4=	-1.865114098813167E9
# A5=	5.922984571172832E9
# A6=	-12.512665685386101E9
# A7=	16.955008942085209E9
# A8=	-13.370383157200838E9
# A9=	4.674557598781960E9
# Rmes(Ohm) Tmes(K)
6.890273E3 1.5964
6.462419E3 1.6651
5.892286E3 1.7685
5.422103E3 1.8671
5.013454E3 1.9663
4.517718E3 2.1090
4.234392E3 2.2021
3.984282E3 2.2995
3.759867E3 2.3955
3.561618E3 2.4919
3.382425E3 2.5893
3.218219E3 2.6874
3.068190E3 2.7868
2.933446E3 2.8856
2.812318E3 2.9837
2.700421E3 3.0823
2.599045E3 3.1801
2.505231E3 3.2784
2.418824E3 3.3766
2.339004E3 3.4745
2.264804E3 3.5730
2.195909E3 3.6709
2.131530E3 3.7693
2.071575E3 3.8667
2.071535E3 3.8671
2.015057E3 3.9653
1.962469E3 4.0629
1.912938E3 4.1608
1.739790E3 4.5552
1.739079E3 4.5568
1.599388E3 4.9519
1.338412E3 5.9683
1.167063E3 6.9574
1.042239E3 7.9477
9.468369E2 8.9382
8.712967E2 9.9281
8.086612E2 10.9344
7.568937E2 11.9330
7.130425E2 12.9234
6.753090E2 13.9116
6.421619E2 14.9021
6.099945E2 15.9939
5.836668E2 16.9989
5.601267E2 17.9953
5.387875E2 18.9886
5.192473E2 19.9856
5.012200E2 20.9851
4.845133E2 21.9905
4.691471E2 22.9876
4.548673E2 23.9845
4.414835E2 24.9875
4.289982E2 25.9849
4.172822E2 26.9826
4.062559E2 27.9793
3.958236E2 28.9786
3.869332E2 29.8737
3.406821E2 35.3974
3.102844E2 40.0070
2.546014E2 51.5603
2.234346E2 60.7443
1.983495E2 70.3687
1.789074E2 79.7838
1.647671E2 88.0860
1.514228E2 97.3858
1.398991E2 106.8746
1.297079E2 116.6841
1.207020E2 126.7460
1.132009E2 136.3515
1.060124E2 146.8280
1.011458E2 154.7778
9.454496E1 166.8806
9.290748E1 170.1609
8.746968E1 181.9404
8.329606E1 192.0570
8.087661E1 198.4260
7.748526E1 208.0512
7.508624E1 215.4100
7.155413E1 227.2219
6.901610E1 236.5224
6.585649E1 249.2076
6.100328E1 271.5820
5.979289E1 277.8228
5.771250E1 289.2465
5.744039E1 290.8079
5.422096E1 310.7638
}
