breaktable(CX_LS_X107587) {
# Thermometre :	CX_LS_X107587
# Environment :	VA
# Date :	25/02/2016
# Function :	 logT = Sum ( Ai / logR^i )
# Coefficients :	
# A0=	-393.878286786224290E3
# A1=	11.938756016065588E6
# A2=	-160.683845133786950E6
# A3=	1.260344650353260E9
# A4=	-6.348906826264735E9
# A5=	21.300408117072231E9
# A6=	-47.593765162326836E9
# A7=	68.294554526760475E9
# A8=	-57.107640384132179E9
# A9=	21.201757824490940E9
# Rmes(Ohm) Tmes(K)
8.470487E3 1.5958
7.936810E3 1.6651
7.222819E3 1.7685
6.629680E3 1.8671
6.108342E3 1.9663
5.484686E3 2.1090
5.130930E3 2.2021
4.808292E3 2.2996
4.529256E3 2.3955
4.277979E3 2.4919
4.052514E3 2.5893
3.842884E3 2.6873
3.655611E3 2.7868
3.490555E3 2.8856
3.338590E3 2.9837
3.199301E3 3.0823
3.072156E3 3.1801
2.957255E3 3.2785
2.850375E3 3.3766
2.752206E3 3.4745
2.660341E3 3.5730
2.575800E3 3.6709
2.496658E3 3.7693
2.423580E3 3.8667
2.423458E3 3.8671
2.354357E3 3.9654
2.289961E3 4.0629
2.229572E3 4.1608
2.018937E3 4.5552
2.018222E3 4.5568
1.849087E3 4.9519
1.535450E3 5.9683
1.331192E3 6.9574
1.183334E3 7.9477
1.070907E3 8.9381
9.822834E2 9.9281
9.090659E2 10.9344
8.488684E2 11.9305
7.977845E2 12.9238
7.540734E2 13.9116
7.158357E2 14.9021
6.786885E2 15.9935
6.483715E2 16.9988
6.212995E2 17.9956
5.968468E2 18.9885
5.744720E2 19.9854
5.538890E2 20.9848
5.348003E2 21.9902
5.172886E2 22.9871
5.010348E2 23.9837
4.858066E2 24.9873
4.716314E2 25.9844
4.583440E2 26.9818
4.458535E2 27.9783
4.340351E2 28.9779
4.239807E2 29.8760
3.718622E2 35.3931
3.377101E2 40.0034
2.754895E2 51.5570
2.408656E2 60.7391
2.131038E2 70.3629
1.916850E2 79.7663
1.761320E2 88.0709
1.614893E2 97.3744
1.488840E2 106.8608
1.377623E2 116.6712
1.279584E2 126.7343
1.198133E2 136.3354
1.120170E2 146.8173
1.067522E2 154.7660
9.962241E1 166.8705
9.785614E1 170.1528
9.200102E1 181.9277
8.751109E1 192.0484
8.491218E1 198.4202
8.127071E1 208.0556
7.870399E1 215.4052
7.492383E1 227.2213
7.220838E1 236.5336
6.883885E1 249.2143
6.367154E1 271.5832
6.238485E1 277.8222
6.016733E1 289.2812
5.988057E1 290.8316
5.646523E1 310.7995
}
