breaktable(CX_LS_X106584) {
# Thermometre :	CX_LS_X106584
# Environment :	VA
# Date :	14/10/2015
# Function :	 logT = Sum ( Ai / logR^i )
# Coefficients :	
# A0=	-357.054350771570460E3
# A1=	11.355266213613551E6
# A2=	-160.408779449746880E6
# A3=	1.321029485655215E9
# A4=	-6.989349235873922E9
# A5=	24.636854174650742E9
# A6=	-57.856124649286644E9
# A7=	87.282468997047882E9
# A8=	-76.756243180743896E9
# A9=	29.978078470830448E9
# Rmes(Ohm) Tmes(K)
1.459603E4 1.6678
1.336599E4 1.7675
1.221798E4 1.8697
1.122457E4 1.9682
9.965648E3 2.1124
9.257944E3 2.2069
8.622326E3 2.3026
8.049659E3 2.3996
7.546152E3 2.4965
7.095081E3 2.5940
6.690121E3 2.6915
6.327889E3 2.7890
5.998029E3 2.8876
5.701457E3 2.9859
5.433296E3 3.0840
5.190009E3 3.1816
4.965495E3 3.2805
4.761063E3 3.3788
4.573868E3 3.4768
4.400136E3 3.5755
4.240078E3 3.6740
4.091022E3 3.7728
3.953334E3 3.8712
3.825571E3 3.9697
3.706344E3 4.0679
3.594701E3 4.1664
3.391491E3 4.3634
3.211623E3 4.5610
2.907818E3 4.9565
2.358444E3 5.9711
2.009181E3 6.9604
1.761121E3 7.9506
1.575605E3 8.9409
1.430992E3 9.9309
1.313232E3 10.9373
1.217566E3 11.9294
1.137085E3 12.9213
1.068102E3 13.9140
1.008314E3 14.9063
9.510813E2 15.9943
9.043687E2 17.0001
8.628820E2 17.9990
8.254997E2 18.9969
7.915516E2 19.9952
7.605363E2 20.9935
7.321061E2 21.9911
7.058887E2 22.9887
6.816359E2 23.9875
6.590180E2 24.9887
6.380065E2 25.9879
6.183832E2 26.9841
6.000011E2 27.9808
4.433033E2 39.9941
4.418371E2 40.1482
3.519278E2 52.0796
3.033854E2 61.4975
2.653535E2 71.2874
2.365204E2 80.7912
2.161877E2 88.9828
1.955691E2 98.9823
1.790701E2 108.5852
1.643947E2 118.6950
1.526515E2 128.1228
1.409356E2 139.0250
1.310845E2 149.6305
1.242880E2 157.8937
1.157239E2 169.6404
1.128552E2 173.9622
1.051282E2 186.7379
9.995308E1 196.3978
9.666349E1 203.0694
9.226821E1 212.7488
8.896453E1 220.6628
8.396933E1 233.8270
8.073817E1 243.2527
7.664981E1 256.3770
7.259316E1 270.9771
7.017985E1 280.5389
6.774739E1 290.9317
6.555743E1 301.0473
6.357367E1 310.8895
}
