breaktable(CX_LS_X106590) {
# Thermometre :	CX_LS_X106590
# Environment :	VA
# Date :	14/10/2015
# Function :	 logT = Sum ( Ai / logR^i )
# Coefficients :	
# A0=	-413.798217265317970E3
# A1=	13.095579364961943E6
# A2=	-184.055407982439100E6
# A3=	1.507811140623795E9
# A4=	-7.934270969518636E9
# A5=	27.810845074946114E9
# A6=	-64.932288571098808E9
# A7=	97.374602331454697E9
# A8=	-85.107088472468613E9
# A9=	33.030603377411331E9
# Rmes(Ohm) Tmes(K)
1.386173E4 1.6681
1.270546E4 1.7676
1.162171E4 1.8697
1.068687E4 1.9682
9.503106E3 2.1124
8.836272E3 2.2069
8.233992E3 2.3027
7.701619E3 2.3996
7.225148E3 2.4966
6.799299E3 2.5940
6.418297E3 2.6915
6.075290E3 2.7890
5.764076E3 2.8876
5.481741E3 2.9859
5.229267E3 3.0840
4.998834E3 3.1816
4.785948E3 3.2805
4.591627E3 3.3788
4.413976E3 3.4768
4.248986E3 3.5756
4.096708E3 3.6740
3.955279E3 3.7728
3.824000E3 3.8712
3.702219E3 3.9697
3.588282E3 4.0679
3.482074E3 4.1664
3.288030E3 4.3634
3.116098E3 4.5610
2.825743E3 4.9565
2.298836E3 5.9711
1.962115E3 6.9604
1.722890E3 7.9506
1.543803E3 8.9409
1.403833E3 9.9309
1.289669E3 10.9373
1.196774E3 11.9294
1.118581E3 12.9213
1.051496E3 13.9140
9.932801E2 14.9063
9.375389E2 15.9944
8.919725E2 17.0002
8.515035E2 17.9991
8.150110E2 18.9969
7.818563E2 19.9952
7.515506E2 20.9936
7.237520E2 21.9912
6.981084E2 22.9888
6.743765E2 23.9877
6.522376E2 24.9888
6.316596E2 25.9880
6.124347E2 26.9844
5.944209E2 27.9812
4.405675E2 39.9977
4.391268E2 40.1521
3.506289E2 52.0849
3.027903E2 61.5005
2.652529E2 71.2910
2.367665E2 80.7965
2.166661E2 88.9902
1.962790E2 98.9884
1.799521E2 108.5920
1.654184E2 118.7019
1.537732E2 128.1336
1.421609E2 139.0310
1.323873E2 149.6354
1.256422E2 157.8998
1.171405E2 169.6456
1.142911E2 173.9677
1.066166E2 186.7415
1.014750E2 196.4017
9.820624E1 203.0733
9.383843E1 212.7511
9.055112E1 220.6741
8.558833E1 233.8284
8.237692E1 243.2494
7.831015E1 256.3755
7.427600E1 270.9737
7.187665E1 280.5321
6.945753E1 290.9248
6.727880E1 301.0436
6.530750E1 310.8769
}
