breaktable(CX_LS_X107575) {
# Thermometre :	CX_LS_X107575
# Environment :	VA
# Date :	25/02/2016
# Function :	 logT = Sum ( Ai / logR^i )
# Coefficients :	
# A0=	65.724674936310170E3
# A1=	-2.150802627278248E6
# A2=	30.998781069381084E6
# A3=	-258.609930062773820E6
# A4=	1.377676451995644E9
# A5=	-4.864021404882499E9
# A6=	11.388597731688793E9
# A7=	-17.061019880710987E9
# A8=	14.845326283364420E9
# A9=	-5.718501760189305E9
# Rmes(Ohm) Tmes(K)
7.606940E3 1.5951
7.127144E3 1.6652
6.498094E3 1.7685
5.976646E3 1.8671
5.526164E3 1.9663
4.964699E3 2.1091
4.659953E3 2.2020
4.375963E3 2.2996
4.125805E3 2.3955
3.905208E3 2.4919
3.703003E3 2.5895
3.520543E3 2.6872
3.356006E3 2.7867
3.206795E3 2.8856
3.072248E3 2.9837
2.947189E3 3.0823
2.834723E3 3.1800
2.730693E3 3.2785
2.634976E3 3.3766
2.546607E3 3.4745
2.464425E3 3.5730
2.388167E3 3.6709
2.316932E3 3.7694
2.250844E3 3.8667
2.250626E3 3.8671
2.188413E3 3.9654
2.130364E3 4.0629
2.075506E3 4.1608
1.884648E3 4.5552
1.883806E3 4.5568
1.729972E3 4.9519
1.443430E3 5.9684
1.255700E3 6.9574
1.119238E3 7.9477
1.015118E3 8.9381
9.327853E2 9.9280
8.646211E2 10.9344
8.085585E2 11.9271
7.606607E2 12.9242
7.197872E2 13.9116
6.838585E2 14.9021
6.489991E2 15.9930
6.204974E2 16.9987
5.949838E2 17.9961
5.719609E2 18.9882
5.508306E2 19.9851
5.314110E2 20.9843
5.133764E2 21.9899
4.968139E2 22.9866
4.814383E2 23.9826
4.669979E2 24.9869
4.535666E2 25.9837
4.409695E2 26.9808
4.291198E2 27.9769
4.178883E2 28.9769
4.083397E2 29.8791
3.587879E2 35.3873
3.262127E2 39.9986
2.667536E2 51.5528
2.336010E2 60.7322
2.069675E2 70.3551
1.864192E2 79.7432
1.714566E2 88.0505
1.573531E2 97.3589
1.452090E2 106.8427
1.344874E2 116.6540
1.250280E2 126.7184
1.171661E2 136.3138
1.096257E2 146.8029
1.045343E2 154.7505
9.763285E1 166.8572
9.592184E1 170.1419
9.025189E1 181.9108
8.589578E1 192.0371
8.337377E1 198.4124
7.983409E1 208.0615
7.734629E1 215.3989
7.367149E1 227.2205
7.102661E1 236.5485
6.775112E1 249.2230
6.272154E1 271.5847
6.146813E1 277.8214
5.929780E1 289.3276
5.902045E1 290.8629
5.568545E1 310.8477
}
