breaktable(CX_LS_X105673) {
# Thermometre :	CX_LS_X105673
# Environment :	VA
# Date :	25/02/2016
# Function :	 logT = Sum ( Ai / logR^i )
# Coefficients :	
# A0=	-701.723651956274990E3
# A1=	23.175472517619524E6
# A2=	-339.873623118778590E6
# A3=	2.904836660896949E9
# A4=	-15.945217144272457E9
# A5=	58.294909291931488E9
# A6=	-141.943702651110140E9
# A7=	221.966526747908810E9
# A8=	-202.275227611985990E9
# A9=	81.842496645872589E9
# Rmes(Ohm) Tmes(K)
2.297005E4 1.5981
2.180989E4 1.6649
2.003809E4 1.7685
1.843441E4 1.8671
1.693849E4 1.9663
1.502146E4 2.1089
1.390929E4 2.2022
1.289136E4 2.2993
1.198802E4 2.3955
1.118023E4 2.4919
1.045603E4 2.5890
9.806556E3 2.6877
9.211807E3 2.7870
8.694525E3 2.8855
8.220762E3 2.9837
7.795535E3 3.0823
7.412665E3 3.1802
7.063577E3 3.2783
6.744460E3 3.3766
6.454045E3 3.4745
6.185740E3 3.5729
5.939321E3 3.6709
5.712408E3 3.7692
5.502657E3 3.8667
5.502654E3 3.8671
5.307590E3 3.9653
5.127095E3 4.0630
4.958251E3 4.1608
4.382212E3 4.5552
4.380216E3 4.5568
3.928853E3 4.9519
3.124005E3 5.9682
2.623007E3 6.9574
2.272876E3 7.9477
2.014192E3 8.9383
1.814940E3 9.9283
1.653744E3 10.9345
1.522240E3 11.9411
1.414833E3 12.9224
1.323083E3 13.9116
1.243693E3 14.9022
1.167462E3 15.9950
1.106209E3 16.9992
1.052074E3 17.9941
1.003436E3 18.9892
9.593709E2 19.9862
9.192213E2 20.9863
8.822823E2 21.9914
8.486192E2 22.9889
8.175911E2 23.9869
7.887958E2 24.9883
7.620909E2 25.9866
7.372160E2 26.9852
7.139728E2 27.9826
6.921530E2 28.9807
6.739778E2 29.8663
5.790199E2 35.4109
5.186308E2 40.0182
4.113566E2 51.5705
3.533029E2 60.7608
3.077340E2 70.3872
2.730512E2 79.8393
2.483381E2 88.1346
2.253798E2 97.4224
2.058075E2 106.9181
1.887273E2 116.7248
1.738208E2 126.7840
1.615290E2 136.4030
1.499158E2 146.8626
1.420991E2 154.8152
1.315984E2 166.9126
1.290111E2 170.1870
1.204513E2 181.9805
1.139438E2 192.0842
1.101932E2 198.4445
1.049760E2 208.0371
1.012767E2 215.4251
9.588711E1 227.2238
9.204655E1 236.4872
8.726459E1 249.1866
7.998030E1 271.5784
7.817550E1 277.8248
7.511377E1 289.1345
7.470199E1 290.7331
6.995371E1 310.6493
}
