breaktable(CX_LS_X108204) {
# Thermometre :	CX_LS_X108204
# Environment :	VA
# Date :	25/02/2016
# Function :	 logT = Sum ( Ai / logR^i )
# Coefficients :	
# A0=	-409.336364982015400E3
# A1=	11.859561422658186E6
# A2=	-152.565726928119450E6
# A3=	1.143767024708954E9
# A4=	-5.506844570833921E9
# A5=	17.658059368066349E9
# A6=	-37.709858534082832E9
# A7=	51.718033818087585E9
# A8=	-41.333757854971733E9
# A9=	14.667057261134365E9
# Rmes(Ohm) Tmes(K)
5.464839E3 1.5969
5.140820E3 1.6650
4.704722E3 1.7685
4.346935E3 1.8671
4.035704E3 1.9663
3.654143E3 2.1089
3.444144E3 2.2021
3.250746E3 2.2994
3.078330E3 2.3955
2.925756E3 2.4919
2.784838E3 2.5892
2.657544E3 2.6875
2.541148E3 2.7869
2.436826E3 2.8856
2.341647E3 2.9837
2.254160E3 3.0823
2.174452E3 3.1802
2.100253E3 3.2784
2.032241E3 3.3766
1.969052E3 3.4745
1.910125E3 3.5730
1.855088E3 3.6709
1.803609E3 3.7692
1.755911E3 3.8667
1.755727E3 3.8671
1.710587E3 3.9653
1.668452E3 4.0629
1.628527E3 4.1608
1.489051E3 4.5552
1.488263E3 4.5568
1.374829E3 4.9519
1.161298E3 5.9683
1.019529E3 6.9574
9.155002E2 7.9477
8.355058E2 8.9382
7.717943E2 9.9282
7.187312E2 10.9345
6.745925E2 11.9357
6.372738E2 12.9231
6.049472E2 13.9116
5.764610E2 14.9021
5.487321E2 15.9942
5.260127E2 16.9990
5.056519E2 17.9949
4.871029E2 18.9888
4.701246E2 19.9858
4.544409E2 20.9855
4.398642E2 21.9908
4.264324E2 22.9880
4.139292E2 23.9853
4.022014E2 24.9878
3.912364E2 25.9855
3.809319E2 26.9835
3.712240E2 27.9804
3.620275E2 28.9793
3.542205E2 29.8712
3.131879E2 35.4019
2.861324E2 40.0106
2.362483E2 51.5637
2.081276E2 60.7497
1.853876E2 70.3747
1.676708E2 79.8021
1.547559E2 88.1021
1.425365E2 97.3978
1.319506E2 106.8888
1.225650E2 116.6974
1.142506E2 126.7585
1.073065E2 136.3685
1.006444E2 146.8394
9.612327E1 154.7900
8.998143E1 166.8911
8.845602E1 170.1696
8.338126E1 181.9534
7.948328E1 192.0659
7.722056E1 198.4320
7.404853E1 208.0466
7.179659E1 215.4149
6.848315E1 227.2225
6.610176E1 236.5109
6.312860E1 249.2008
5.855512E1 271.5808
5.741313E1 277.8235
5.545637E1 289.2097
5.519747E1 290.7834
5.215741E1 310.7260
}
