breaktable(CX_LS_X107581) {
# Thermometre :	CX_LS_X107581
# Environment :	VA
# Date :	25/02/2016
# Function :	 logT = Sum ( Ai / logR^i )
# Coefficients :	
# A0=	-360.397523335898530E3
# A1=	11.025673223360145E6
# A2=	-149.782080733516780E6
# A3=	1.185863560491709E9
# A4=	-6.030025274622485E9
# A5=	20.422117257449879E9
# A6=	-46.065341140259933E9
# A7=	66.733089051894295E9
# A8=	-56.337892432284698E9
# A9=	21.117888411880341E9
# Rmes(Ohm) Tmes(K)
9.882755E3 1.5954
9.260301E3 1.6652
8.428044E3 1.7685
7.730955E3 1.8671
7.116918E3 1.9663
6.368327E3 2.1090
5.951726E3 2.2021
5.572238E3 2.2996
5.238326E3 2.3955
4.939794E3 2.4919
4.669278E3 2.5894
4.428285E3 2.6872
4.205909E3 2.7867
4.007410E3 2.8856
3.828369E3 2.9837
3.664733E3 3.0823
3.517387E3 3.1801
3.379928E3 3.2785
3.254741E3 3.3766
3.139183E3 3.4745
3.031911E3 3.5730
2.932784E3 3.6709
2.840013E3 3.7693
2.754432E3 3.8667
2.754328E3 3.8671
2.673620E3 3.9654
2.598704E3 4.0629
2.527959E3 4.1608
2.283039E3 4.5552
2.282108E3 4.5568
2.085736E3 4.9519
1.723401E3 5.9683
1.488520E3 6.9574
1.319136E3 7.9477
1.190758E3 8.9381
1.089804E3 9.9281
1.006610E3 10.9344
9.384274E2 11.9284
8.804988E2 12.9240
8.312064E2 13.9116
7.879036E2 14.9021
7.461015E2 15.9932
7.120032E2 16.9987
6.815532E2 17.9959
6.541800E2 18.9883
6.290381E2 19.9852
6.060189E2 20.9845
5.846599E2 21.9900
5.650909E2 22.9868
5.469509E2 23.9831
5.299563E2 24.9871
5.141660E2 25.9839
4.993748E2 26.9812
4.854799E2 27.9774
4.723390E2 28.9773
4.611725E2 29.8779
4.034307E2 35.3896
3.656864E2 40.0005
2.971969E2 51.5544
2.592464E2 60.7349
2.288940E2 70.3581
2.055506E2 79.7522
1.886104E2 88.0584
1.726804E2 97.3649
1.589908E2 106.8498
1.469329E2 116.6606
1.363215E2 126.7246
1.275183E2 136.3221
1.190922E2 146.8083
1.134092E2 154.7565
1.057177E2 166.8622
1.038129E2 170.1461
9.750480E1 181.9173
9.266673E1 192.0414
8.986760E1 198.4155
8.594381E1 208.0593
8.318481E1 215.4013
7.911620E1 227.2209
7.619209E1 236.5428
7.256992E1 249.2196
6.701550E1 271.5841
6.563239E1 277.8218
6.324336E1 289.3100
6.293644E1 290.8507
5.926299E1 310.8290
}
