breaktable(CX_LS_X105031) {
# Thermometre :	CX_LS_X105031
# Environment :	VA
# Date :	25/02/2016
# Function :	 logT = Sum ( Ai / logR^i )
# Coefficients :	
# A0=	-959.223500817360360E3
# A1=	32.216470400075451E6
# A2=	-480.487501283087970E6
# A3=	4.176581129680910E9
# A4=	-23.317552531195335E9
# A5=	86.707073139204986E9
# A6=	-214.747762045250210E9
# A7=	341.589884531888120E9
# A8=	-316.650853485605710E9
# A9=	130.332216838904910E9
# Rmes(Ohm) Tmes(K)
2.624940E4 1.5977
2.502132E4 1.6649
2.311093E4 1.7685
2.134215E4 1.8671
1.964832E4 1.9663
1.747546E4 2.1089
1.623014E4 2.2022
1.500627E4 2.2993
1.395420E4 2.3955
1.301332E4 2.4919
1.215240E4 2.5891
1.137936E4 2.6876
1.068280E4 2.7869
1.006670E4 2.8855
9.513226E3 2.9837
9.008940E3 3.0823
8.557571E3 3.1802
8.146293E3 3.2783
7.771229E3 3.3766
7.430007E3 3.4745
7.114784E3 3.5729
6.826155E3 3.6709
6.558901E3 3.7692
6.313921E3 3.8667
6.314076E3 3.8671
6.085533E3 3.9653
5.874252E3 4.0630
5.677098E3 4.1608
5.004797E3 4.5552
5.002238E3 4.5568
4.477737E3 4.9519
3.545480E3 5.9682
2.968106E3 6.9574
2.566178E3 7.9477
2.270138E3 8.9382
2.042686E3 9.9282
1.858980E3 10.9345
1.709754E3 11.9390
1.587401E3 12.9227
1.483300E3 13.9116
1.393160E3 14.9022
1.306888E3 15.9947
1.237456E3 16.9992
1.176054E3 17.9944
1.120994E3 18.9890
1.071136E3 19.9860
1.025678E3 20.9860
9.839275E2 21.9911
9.458493E2 22.9886
9.107545E2 23.9863
8.781741E2 24.9881
8.479710E2 25.9861
8.198427E2 26.9846
7.935612E2 27.9817
7.688829E2 28.9802
7.482373E2 29.8682
6.410107E2 35.4074
5.727288E2 40.0153
4.515829E2 51.5679
3.861547E2 60.7565
3.348885E2 70.3824
2.959852E2 79.8249
2.683035E2 88.1223
2.426422E2 97.4129
2.208326E2 106.9069
2.018534E2 116.7145
1.853341E2 126.7742
1.717527E2 136.3899
1.589424E2 146.8538
1.503443E2 154.8055
1.388180E2 166.9043
1.359826E2 170.1803
1.266244E2 181.9699
1.195213E2 192.0772
1.154351E2 198.4397
1.097560E2 208.0408
1.057429E2 215.4212
9.989880E1 227.2233
9.573984E1 236.4962
9.057755E1 249.1920
8.273406E1 271.5793
8.079376E1 277.8243
7.750027E1 289.1633
7.706017E1 290.7521
7.197481E1 310.6789
}
