breaktable(CX_LS_X106587) {
# Thermometre :	CX_LS_X106587
# Environment :	VA
# Date :	14/10/2015
# Function :	 logT = Sum ( Ai / logR^i )
# Coefficients :	
# A0=	-275.749479081626400E3
# A1=	8.702600165989928E6
# A2=	-121.985660993857410E6
# A3=	996.733612383527870E6
# A4=	-5.231740132624472E9
# A5=	18.293408627129669E9
# A6=	-42.610471159288208E9
# A7=	63.754388347438400E9
# A8=	-55.599683597219017E9
# A9=	21.532708286514114E9
# Rmes(Ohm) Tmes(K)
1.472910E4 1.6679
1.349665E4 1.7675
1.234273E4 1.8697
1.133994E4 1.9682
1.007302E4 2.1124
9.361534E3 2.2069
8.713241E3 2.3027
8.141200E3 2.3996
7.629945E3 2.4965
7.173740E3 2.5940
6.764211E3 2.6915
6.397791E3 2.7890
6.065234E3 2.8876
5.765765E3 2.9859
5.494142E3 3.0840
5.248643E3 3.1816
5.021687E3 3.2805
4.815024E3 3.3788
4.625458E3 3.4768
4.449871E3 3.5755
4.288278E3 3.6740
4.138190E3 3.7728
3.998626E3 3.8712
3.869522E3 3.9697
3.748770E3 4.0679
3.635868E3 4.1664
3.430823E3 4.3634
3.249055E3 4.5610
2.941943E3 4.9565
2.386860E3 5.9711
2.033395E3 6.9604
1.782754E3 7.9506
1.594953E3 8.9409
1.449102E3 9.9309
1.329932E3 10.9373
1.233230E3 11.9294
1.151830E3 12.9213
1.082060E3 13.9140
1.021556E3 14.9063
9.636548E2 15.9943
9.163688E2 17.0001
8.743985E2 17.9991
8.365579E2 18.9969
8.022017E2 19.9952
7.708029E2 20.9935
7.420195E2 21.9911
7.154761E2 22.9887
6.909187E2 23.9875
6.680151E2 24.9887
6.467366E2 25.9879
6.268584E2 26.9842
6.082400E2 27.9809
4.494448E2 39.9951
4.479592E2 40.1493
3.567875E2 52.0811
3.075460E2 61.4982
2.689499E2 71.2884
2.396811E2 80.7925
2.190387E2 88.9846
1.981042E2 98.9839
1.813473E2 108.5871
1.664380E2 118.6967
1.545010E2 128.1255
1.425934E2 139.0264
1.325778E2 149.6317
1.256663E2 157.8954
1.169570E2 169.6419
1.140387E2 173.9635
1.061793E2 186.7388
1.009149E2 196.3988
9.756809E1 203.0704
9.309621E1 212.7493
8.973405E1 220.6659
8.465142E1 233.8274
8.136309E1 243.2518
7.720106E1 256.3766
7.307124E1 270.9762
7.061422E1 280.5370
6.813686E1 290.9298
6.590635E1 301.0464
6.388539E1 310.8865
}
