breaktable(CX_LS_X105627) {
# Thermometre :	CX_LS_X105627
# Environment :	VA
# Date :	25/02/2016
# Function :	 logT = Sum ( Ai / logR^i )
# Coefficients :	
# A0=	-322.573860858427010E3
# A1=	10.310431306412365E6
# A2=	-146.352372095023990E6
# A3=	1.210832186881683E9
# A4=	-6.434520140359472E9
# A5=	22.776212406351433E9
# A6=	-53.699736372037979E9
# A7=	81.318098126968307E9
# A8=	-71.766762442862060E9
# A9=	28.123954871155075E9
# Rmes(Ohm) Tmes(K)
1.836194E4 1.5980
1.737534E4 1.6649
1.590397E4 1.7685
1.460309E4 1.8671
1.342521E4 1.9663
1.191596E4 2.1089
1.107095E4 2.2022
1.027277E4 2.2993
9.578686E3 2.3955
8.961284E3 2.4919
8.413184E3 2.5890
7.906817E3 2.6877
7.458038E3 2.7870
7.050364E3 2.8855
6.693201E3 2.9837
6.363414E3 3.0823
6.067004E3 3.1802
5.796676E3 3.2783
5.548656E3 3.3766
5.322665E3 3.4745
5.113296E3 3.5729
4.920706E3 3.6709
4.742061E3 3.7692
4.577445E3 3.8667
4.577202E3 3.8671
4.423806E3 3.9653
4.281269E3 4.0630
4.147550E3 4.1608
3.690160E3 4.5552
3.688258E3 4.5568
3.327252E3 4.9519
2.677360E3 5.9682
2.267757E3 6.9574
1.978867E3 7.9477
1.763871E3 8.9382
1.597231E3 9.9283
1.461661E3 10.9345
1.350627E3 11.9406
1.259456E3 12.9225
1.181270E3 13.9116
1.113328E3 14.9022
1.048113E3 15.9949
9.954026E2 16.9992
9.487018E2 17.9942
9.066642E2 18.9891
8.685030E2 19.9861
8.336014E2 20.9862
8.014661E2 21.9913
7.721066E2 22.9888
7.449931E2 23.9868
7.197828E2 24.9883
6.963627E2 25.9865
6.745101E2 26.9851
6.540584E2 27.9824
6.348273E2 28.9806
6.187710E2 29.8667
5.346329E2 35.4101
4.807739E2 40.0175
3.843870E2 51.5699
3.317944E2 60.7598
2.902647E2 70.3860
2.584969E2 79.8358
2.357633E2 88.1316
2.145655E2 97.4201
1.964303E2 106.9154
1.805521E2 116.7223
1.666514E2 126.7816
1.551567E2 136.3998
1.442667E2 146.8605
1.369213E2 154.8128
1.270321E2 166.9106
1.245913E2 170.1854
1.165054E2 181.9778
1.103462E2 192.0825
1.067917E2 198.4433
1.018421E2 208.0380
9.832872E1 215.4242
9.320179E1 227.2237
8.954358E1 236.4892
8.498361E1 249.1879
7.802417E1 271.5786
7.629611E1 277.8246
7.336323E1 289.1414
7.296883E1 290.7377
6.841534E1 310.6564
}
