breaktable(CX_LS_X104963) {
# Thermometre :	CX_LS_X104963
# Environment :	VA
# Date :	14/10/2015
# Function :	 logT = Sum ( Ai / logR^i )
# Coefficients :	
# A0=	-503.691125135087700E3
# A1=	16.692161627381468E6
# A2=	-245.684567820939360E6
# A3=	2.107884550611076E9
# A4=	-11.617329817537024E9
# A5=	42.652191465428818E9
# A6=	-104.314284995500870E9
# A7=	163.874836474371580E9
# A8=	-150.052393354033390E9
# A9=	61.014207649530762E9
# Rmes(Ohm) Tmes(K)
2.399712E4 1.6667
2.217888E4 1.7672
2.040603E4 1.8697
1.879133E4 1.9683
1.667929E4 2.1124
1.545463E4 2.2068
1.435521E4 2.3021
1.331849E4 2.3996
1.242142E4 2.4964
1.160553E4 2.5940
1.088297E4 2.6915
1.023570E4 2.7891
9.649309E3 2.8876
9.123878E3 2.9859
8.647678E3 3.0841
8.218701E3 3.1816
7.823936E3 3.2806
7.467280E3 3.3788
7.141442E3 3.4768
6.840900E3 3.5754
6.564411E3 3.6740
6.308965E3 3.7728
6.073991E3 3.8713
5.855752E3 3.9697
5.652932E3 4.0678
5.464299E3 4.1664
5.123115E3 4.3634
4.823131E3 4.5611
4.320448E3 4.9566
3.429700E3 5.9711
2.875326E3 6.9604
2.488709E3 7.9506
2.203494E3 8.9409
1.984096E3 9.9310
1.806721E3 10.9372
1.664183E3 11.9294
1.545108E3 12.9214
1.443828E3 13.9140
1.356483E3 14.9063
1.273285E3 15.9936
1.205907E3 16.9999
1.146197E3 17.9987
1.092669E3 18.9968
1.044301E3 19.9950
1.000270E3 20.9933
9.600651E2 21.9906
9.231230E2 22.9879
8.890713E2 23.9862
8.573584E2 24.9882
8.280277E2 25.9871
8.007174E2 26.9829
7.752079E2 27.9792
5.607988E2 39.9764
5.588181E2 40.1288
4.383733E2 52.0535
3.741201E2 61.4821
3.243984E2 71.2692
2.870477E2 80.7650
2.608921E2 88.9446
2.345055E2 98.9510
2.135334E2 108.5517
1.949886E2 118.6594
1.802581E2 128.0673
1.655551E2 138.9956
1.532836E2 149.6051
1.448524E2 157.8638
1.342635E2 169.6147
1.307317E2 173.9354
1.212357E2 186.7189
1.148920E2 196.3779
1.108730E2 203.0501
1.055114E2 212.7375
1.015161E2 220.6068
9.543120E1 233.8206
9.151129E1 243.2692
8.658084E1 256.3848
8.169361E1 270.9946
7.879019E1 280.5726
7.587205E1 290.9657
7.325492E1 301.0665
7.087250E1 310.9516
}
