breaktable(CX_LS_X106958) {
# Thermometre :	CX_LS_X106958
# Environment :	VA
# Date :	14/10/2015
# Function :	 logT = Sum ( Ai / logR^i )
# Coefficients :	
# A0=	20.056465218256959E3
# A1=	-617.012816641617920E3
# A2=	8.358961217820896E6
# A3=	-65.512715530626863E6
# A4=	327.559274888958330E6
# A5=	-1.084007515887595E9
# A6=	2.375091599255692E9
# A7=	-3.322860361944744E9
# A8=	2.693728706280602E9
# A9=	-964.021164854174260E6
# Rmes(Ohm) Tmes(K)
7.051329E3 1.6693
6.453289E3 1.7680
5.918240E3 1.8697
5.468144E3 1.9681
4.913084E3 2.1125
4.609361E3 2.2069
4.324983E3 2.3033
4.077165E3 2.3996
3.856251E3 2.4967
3.658366E3 2.5940
3.478969E3 2.6914
3.318426E3 2.7890
3.170695E3 2.8877
3.036446E3 2.9859
2.914347E3 3.0840
2.802984E3 3.1816
2.699522E3 3.2805
2.604495E3 3.3788
2.517120E3 3.4767
2.435338E3 3.5758
2.359664E3 3.6740
2.288839E3 3.7728
2.223308E3 3.8712
2.161418E3 3.9697
2.103598E3 4.0679
2.049417E3 4.1664
1.949845E3 4.3634
1.860914E3 4.5610
1.708676E3 4.9565
1.426196E3 5.9712
1.241032E3 6.9604
1.106393E3 7.9506
1.003635E3 8.9410
9.222739E2 9.9308
8.550815E2 10.9373
7.998601E2 11.9295
7.529015E2 12.9213
7.123074E2 13.9140
6.767993E2 14.9064
6.424941E2 15.9952
6.143646E2 17.0004
5.891516E2 17.9994
5.663191E2 18.9970
5.454643E2 19.9954
5.263102E2 20.9938
5.086575E2 21.9917
4.923049E2 22.9896
4.771078E2 23.9892
4.628908E2 24.9893
4.496174E2 25.9889
4.371700E2 26.9857
4.254665E2 27.9830
3.237808E2 40.0172
3.228152E2 40.1737
2.628221E2 52.1138
2.298880E2 61.5174
2.036527E2 71.3112
1.835060E2 80.8253
1.691572E2 89.0327
1.544949E2 99.0231
1.426455E2 108.6290
1.320111E2 118.7408
1.234038E2 128.1945
1.148068E2 139.0635
1.074994E2 149.6633
1.024189E2 157.9328
9.598953E1 169.6741
9.382135E1 173.9973
8.797272E1 186.7623
8.402680E1 196.4235
8.150849E1 203.0945
7.813402E1 212.7636
7.556802E1 220.7360
7.171709E1 233.8355
6.921027E1 243.2311
6.601128E1 256.3669
6.282843E1 270.9543
6.092935E1 280.4949
5.900618E1 290.8873
5.726537E1 301.0224
5.569530E1 310.8087
}
