breaktable(CX_LS_X107595) {
# Thermometre :	CX_LS_X107595
# Environment :	VA
# Date :	25/02/2016
# Function :	 logT = Sum ( Ai / logR^i )
# Coefficients :	
# A0=	-246.419945765286680E3
# A1=	7.348690180873749E6
# A2=	-97.309516071446478E6
# A3=	750.930247798406360E6
# A4=	-3.721617287347860E9
# A5=	12.283980663072647E9
# A6=	-27.003275864122314E9
# A7=	38.121088286073685E9
# A8=	-31.360631320536343E9
# A9=	11.454422442876713E9
# Rmes(Ohm) Tmes(K)
7.979083E3 1.5963
7.478459E3 1.6651
6.808632E3 1.7685
6.254546E3 1.8671
5.767052E3 1.9663
5.181137E3 2.1090
4.853032E3 2.2021
4.554716E3 2.2995
4.289767E3 2.3955
4.056539E3 2.4919
3.844614E3 2.5893
3.652580E3 2.6874
3.475604E3 2.7868
3.319541E3 2.8856
3.176951E3 2.9837
3.047339E3 3.0823
2.929595E3 3.1801
2.820430E3 3.2784
2.719899E3 3.3766
2.627188E3 3.4745
2.541219E3 3.5730
2.461482E3 3.6709
2.387036E3 3.7693
2.317542E3 3.8667
2.317393E3 3.8671
2.252653E3 3.9654
2.191899E3 4.0629
2.134884E3 4.1608
1.936094E3 4.5552
1.935223E3 4.5568
1.775141E3 4.9519
1.477936E3 5.9683
1.283744E3 6.9574
1.142904E3 7.9477
1.035635E3 8.9382
9.509450E2 9.9281
8.809022E2 10.9344
8.231561E2 11.9325
7.742908E2 12.9235
7.323660E2 13.9116
6.955396E2 14.9021
6.599027E2 15.9938
6.307475E2 16.9989
6.047018E2 17.9953
5.811635E2 18.9886
5.596117E2 19.9855
5.397331E2 20.9850
5.213376E2 21.9905
5.044350E2 22.9875
4.887425E2 23.9843
4.740450E2 24.9875
4.603460E2 25.9848
4.474998E2 26.9825
4.354207E2 27.9791
4.239953E2 28.9784
4.142665E2 29.8741
3.637638E2 35.3966
3.306547E2 40.0063
2.702137E2 51.5597
2.365102E2 60.7434
2.094559E2 70.3676
1.885427E2 79.7806
1.733562E2 88.0835
1.590517E2 97.3837
1.467234E2 106.8721
1.358410E2 116.6818
1.262400E2 126.7441
1.182547E2 136.3487
1.106120E2 146.8260
1.054438E2 154.7757
9.844205E1 166.8787
9.670647E1 170.1595
9.094828E1 181.9380
8.653267E1 192.0554
8.397481E1 198.4250
8.039158E1 208.0520
7.785980E1 215.4091
7.413374E1 227.2218
7.145763E1 236.5245
6.813026E1 249.2088
6.302476E1 271.5822
6.175271E1 277.8227
5.956635E1 289.2529
5.928076E1 290.8122
5.590225E1 310.7704
}
