breaktable(CX_LS_X106955) {
# Thermometre :	CX_LS_X106955
# Environment :	VA
# Date :	14/10/2015
# Function :	 logT = Sum ( Ai / logR^i )
# Coefficients :	
# A0=	-203.522894680559640E3
# A1=	6.146532137957871E6
# A2=	-82.465166320330098E6
# A3=	645.088154762432340E6
# A4=	-3.242364482052099E9
# A5=	10.858840804819696E9
# A6=	-24.231238388436176E9
# A7=	34.740554197817795E9
# A8=	-29.037733796194653E9
# A9=	10.780731654228287E9
# Rmes(Ohm) Tmes(K)
8.367931E3 1.6692
7.652718E3 1.7679
7.005538E3 1.8697
6.460664E3 1.9681
5.786610E3 2.1125
5.411013E3 2.2069
5.071276E3 2.3033
4.773593E3 2.3996
4.503857E3 2.4967
4.264394E3 2.5940
4.049002E3 2.6914
3.854942E3 2.7890
3.676329E3 2.8877
3.515716E3 2.9859
3.369619E3 3.0840
3.236399E3 3.1816
3.112785E3 3.2805
2.999223E3 3.3788
2.894952E3 3.4767
2.797570E3 3.5757
2.707760E3 3.6740
2.623708E3 3.7728
2.545795E3 3.8712
2.472851E3 3.9697
2.404453E3 4.0679
2.340165E3 4.1664
2.222793E3 4.3634
2.118063E3 4.5610
1.939300E3 4.9565
1.609587E3 5.9712
1.394526E3 6.9604
1.239052E3 7.9506
1.120850E3 8.9410
1.027605E3 9.9308
9.507572E2 10.9373
8.878158E2 11.9295
8.343569E2 12.9213
7.882365E2 13.9140
7.479800E2 14.9064
7.091191E2 15.9951
6.773318E2 17.0004
6.488818E2 17.9994
6.231332E2 18.9969
5.996477E2 19.9954
5.781020E2 20.9938
5.582699E2 21.9917
5.399111E2 22.9896
5.228667E2 23.9890
5.069399E2 24.9893
4.920797E2 25.9888
4.781588E2 26.9856
4.650783E2 27.9828
3.519118E2 40.0153
3.508409E2 40.1715
2.845047E2 52.1111
2.482399E2 61.5158
2.194489E2 71.3093
1.974003E2 80.8225
1.817305E2 89.0287
1.657515E2 99.0198
1.528622E2 108.6255
1.413152E2 118.7374
1.319867E2 128.1891
1.226796E2 139.0604
1.147822E2 149.6606
1.092988E2 157.9296
1.023680E2 169.6714
1.000333E2 173.9945
9.373985E1 186.7605
8.949897E1 196.4214
8.679432E1 203.0924
8.317285E1 212.7624
8.042263E1 220.7301
7.629501E1 233.8348
7.361096E1 243.2328
7.018978E1 256.3676
6.678901E1 270.9560
6.476148E1 280.4984
6.270985E1 290.8909
6.085422E1 301.0244
5.918076E1 310.8147
}
