breaktable(CX_LS_X106793) {
# Thermometre :	CX_LS_X106793
# Environment :	VA
# Date :	14/10/2015
# Function :	 logT = Sum ( Ai / logR^i )
# Coefficients :	
# A0=	-159.442272357625890E3
# A1=	4.716261096360452E6
# A2=	-61.961918741468899E6
# A3=	474.539667534949240E6
# A4=	-2.334699279280962E9
# A5=	7.652251972894395E9
# A6=	-16.708748915012901E9
# A7=	23.436815258168144E9
# A8=	-19.162604205964031E9
# A9=	6.958442136937588E9
# Rmes(Ohm) Tmes(K)
7.523472E3 1.6689
6.878972E3 1.7678
6.298322E3 1.8697
5.812332E3 1.9681
5.211329E3 2.1125
4.876189E3 2.2069
4.576420E3 2.3032
4.309442E3 2.3996
4.071733E3 2.4967
3.858479E3 2.5940
3.666266E3 2.6914
3.493437E3 2.7890
3.335442E3 2.8877
3.192617E3 2.9859
3.062085E3 3.0840
2.943134E3 3.1816
2.833242E3 3.2805
2.732115E3 3.3788
2.639086E3 3.4768
2.552360E3 3.5757
2.472049E3 3.6740
2.396926E3 3.7728
2.327323E3 3.8712
2.262138E3 3.9697
2.200922E3 4.0679
2.143699E3 4.1664
2.038549E3 4.3634
1.944713E3 4.5610
1.784577E3 4.9565
1.488546E3 5.9712
1.295059E3 6.9604
1.154858E3 7.9506
1.048242E3 8.9410
9.641294E2 9.9308
8.947285E2 10.9373
8.377203E2 11.9295
7.892605E2 12.9213
7.474206E2 13.9140
7.108343E2 14.9063
6.755190E2 15.9949
6.465386E2 17.0003
6.206066E2 17.9993
5.971063E2 18.9969
5.756413E2 19.9954
5.559179E2 20.9937
5.377409E2 21.9916
5.208929E2 22.9894
5.052308E2 23.9887
4.905689E2 24.9892
4.768727E2 25.9886
4.640244E2 26.9853
4.519364E2 27.9824
3.465207E2 40.0110
3.455149E2 40.1667
2.827869E2 52.1046
2.481147E2 61.5121
2.203863E2 71.3047
1.990081E2 80.8160
1.837311E2 89.0190
1.680637E2 99.0120
1.553608E2 108.6173
1.439271E2 118.7285
1.346569E2 128.1752
1.253592E2 139.0532
1.174447E2 149.6545
1.119324E2 157.9221
1.049425E2 169.6651
1.025831E2 173.9877
9.620572E1 186.7557
9.189648E1 196.4166
8.914286E1 203.0876
8.544810E1 212.7596
8.264089E1 220.7165
7.840832E1 233.8332
7.565155E1 243.2369
7.213301E1 256.3696
6.862502E1 270.9604
6.652872E1 280.5069
6.440443E1 290.8995
6.248069E1 301.0291
6.074056E1 310.8304
}
