breaktable(CX_LS_X104912) {
# Thermometre :	CX_LS_X104912
# Environment :	VA
# Date :	14/10/2015
# Function :	 logT = Sum ( Ai / logR^i )
# Coefficients :	
# A0=	-782.937498474456490E3
# A1=	25.908822693867777E6
# A2=	-380.723154583520770E6
# A3=	3.260621118585559E9
# A4=	-17.935325074171841E9
# A5=	65.708626467309929E9
# A6=	-160.336695448955170E9
# A7=	251.270079604792480E9
# A8=	-229.479185564489720E9
# A9=	93.054415121568741E9
# Rmes(Ohm) Tmes(K)
2.145246E4 1.6663
1.979635E4 1.7671
1.816337E4 1.8697
1.671240E4 1.9683
1.483256E4 2.1123
1.374960E4 2.2068
1.277265E4 2.3019
1.187514E4 2.3996
1.108701E4 2.4963
1.037851E4 2.5940
9.743461E3 2.6915
9.176530E3 2.7891
8.660683E3 2.8876
8.198558E3 2.9859
7.781420E3 3.0841
7.405573E3 3.1816
7.058101E3 3.2806
6.743580E3 3.3788
6.456506E3 3.4769
6.191828E3 3.5753
5.946926E3 3.6740
5.721132E3 3.7728
5.512041E3 3.8713
5.319496E3 3.9697
5.140157E3 4.0678
4.972831E3 4.1665
4.669203E3 4.3634
4.402117E3 4.5611
3.953870E3 4.9566
3.154254E3 5.9711
2.654900E3 6.9604
2.304355E3 7.9506
2.045553E3 8.9409
1.845651E3 9.9310
1.683777E3 10.9372
1.553226E3 11.9294
1.444023E3 12.9214
1.351014E3 13.9140
1.270678E3 14.9063
1.194141E3 15.9934
1.131969E3 16.9998
1.076835E3 17.9986
1.027352E3 18.9968
9.826165E2 19.9950
9.418584E2 20.9933
9.046135E2 21.9904
8.703637E2 22.9877
8.387739E2 23.9857
8.093115E2 24.9881
7.820598E2 25.9868
7.566682E2 26.9825
7.329378E2 27.9787
5.329031E2 39.9702
5.310489E2 40.1221
4.181071E2 52.0445
3.576137E2 61.4767
3.107369E2 71.2630
2.754669E2 80.7559
2.507335E2 88.9313
2.257339E2 98.9403
2.058347E2 108.5400
1.882122E2 118.6474
1.742100E2 128.0480
1.601958E2 138.9832
1.484937E2 149.5963
1.404506E2 157.8534
1.303370E2 169.6057
1.269638E2 173.9261
1.178818E2 186.7124
1.118117E2 196.3709
1.079647E2 203.0436
1.028283E2 212.7335
9.900794E1 220.5872
9.316608E1 233.8183
8.940291E1 243.2750
8.467347E1 256.3876
7.998043E1 271.0007
7.719027E1 280.5843
7.438638E1 290.9776
7.187336E1 301.0732
6.957947E1 310.9734
}
