breaktable(CX_LS_X106588) {
# Thermometre :	CX_LS_X106588
# Environment :	VA
# Date :	14/10/2015
# Function :	 logT = Sum ( Ai / logR^i )
# Coefficients :	
# A0=	-392.154865565939980E3
# A1=	12.205582022746321E6
# A2=	-168.695551467003670E6
# A3=	1.358877045862996E9
# A4=	-7.030330964888719E9
# A5=	24.225697661179802E9
# A6=	-55.599961545348289E9
# A7=	81.953956860207107E9
# A8=	-70.397889155105118E9
# A9=	26.849718494256939E9
# Rmes(Ohm) Tmes(K)
1.156998E4 1.6680
1.058524E4 1.7675
9.680000E3 1.8697
8.904845E3 1.9682
7.936638E3 2.1124
7.391003E3 2.2069
6.905985E3 2.3027
6.469746E3 2.3996
6.086180E3 2.4965
5.737616E3 2.5940
5.428132E3 2.6915
5.148647E3 2.7890
4.893821E3 2.8876
4.665212E3 2.9859
4.456600E3 3.0840
4.267268E3 3.1816
4.092439E3 3.2805
3.932875E3 3.3788
3.786055E3 3.4768
3.649921E3 3.5756
3.523912E3 3.6740
3.406551E3 3.7728
3.297842E3 3.8712
3.196999E3 3.9697
3.102118E3 4.0679
3.013505E3 4.1664
2.851720E3 4.3634
2.707964E3 4.5610
2.464078E3 4.9565
2.019199E3 5.9711
1.732840E3 6.9604
1.527984E3 7.9506
1.374011E3 8.9409
1.253217E3 9.9309
1.154202E3 10.9373
1.073424E3 11.9294
1.005331E3 12.9213
9.467213E2 13.9140
8.957993E2 14.9063
8.468783E2 15.9944
8.068764E2 17.0001
7.712409E2 17.9991
7.390701E2 18.9969
7.098000E2 19.9952
6.830026E2 20.9936
6.583920E2 21.9911
6.356600E2 22.9888
6.145987E2 23.9876
5.949235E2 24.9888
5.766180E2 25.9879
5.594972E2 26.9843
5.434367E2 27.9810
4.055750E2 39.9960
4.042776E2 40.1504
3.242943E2 52.0824
2.808058E2 61.4991
2.465491E2 71.2893
2.204588E2 80.7940
2.019940E2 88.9868
1.832125E2 98.9856
1.681381E2 108.5887
1.546881E2 118.6984
1.438898E2 128.1286
1.330941E2 139.0281
1.239912E2 149.6330
1.176972E2 157.8968
1.097523E2 169.6431
1.070861E2 173.9651
9.989683E1 186.7397
9.507270E1 196.3997
9.200258E1 203.0714
8.789590E1 212.7500
8.480387E1 220.6687
8.012582E1 233.8277
7.709575E1 243.2510
7.325493E1 256.3762
6.943915E1 270.9754
6.716671E1 280.5354
6.487352E1 290.9282
6.280673E1 301.0454
6.093355E1 310.8829
}
