breaktable(CX_LS_X106787) {
# Thermometre :	CX_LS_X106787
# Environment :	VA
# Date :	14/10/2015
# Function :	 logT = Sum ( Ai / logR^i )
# Coefficients :	
# A0=	-242.414012169640860E3
# A1=	6.828313673613450E6
# A2=	-85.406497012533441E6
# A3=	622.558883857147460E6
# A4=	-2.914561704142635E9
# A5=	9.087797010651640E9
# A6=	-18.872629198261353E9
# A7=	25.170798990466053E9
# A8=	-19.563739055143150E9
# A9=	6.751418137470250E9
# Rmes(Ohm) Tmes(K)
4.321021E3 1.6686
3.980479E3 1.7677
3.677691E3 1.8697
3.424247E3 1.9681
3.111571E3 2.1125
2.936588E3 2.2069
2.778097E3 2.3030
2.636911E3 2.3996
2.509881E3 2.4966
2.395028E3 2.5940
2.291200E3 2.6915
2.197223E3 2.7890
2.109920E3 2.8876
2.031067E3 2.9859
1.958710E3 3.0840
1.892394E3 3.1816
1.830316E3 3.2805
1.773176E3 3.3788
1.720320E3 3.4768
1.670692E3 3.5756
1.624576E3 3.6740
1.581313E3 3.7728
1.540899E3 3.8712
1.502903E3 3.9697
1.467186E3 4.0679
1.433549E3 4.1664
1.371532E3 4.3634
1.315767E3 4.5610
1.219599E3 4.9565
1.038448E3 5.9712
9.172086E2 6.9604
8.280474E2 7.9506
7.590081E2 8.9410
7.040643E2 9.9308
6.581087E2 10.9373
6.201193E2 11.9295
5.875734E2 12.9213
5.592819E2 13.9140
5.343773E2 14.9063
5.102075E2 15.9947
4.902608E2 17.0002
4.723129E2 17.9992
4.559789E2 18.9969
4.409981E2 19.9953
4.271800E2 20.9937
4.143969E2 21.9914
4.025058E2 22.9892
3.914139E2 23.9883
3.809955E2 24.9890
3.712345E2 25.9884
3.620508E2 26.9849
3.533847E2 27.9819
2.767511E2 40.0057
2.760095E2 40.1609
2.293442E2 52.0968
2.031492E2 61.5075
1.819876E2 71.2992
1.655219E2 80.8081
1.536642E2 89.0076
1.414149E2 99.0026
1.314206E2 108.6072
1.223723E2 118.7179
1.150006E2 128.1586
1.075560E2 139.0441
1.011895E2 149.6469
9.673608E1 157.9134
9.106508E1 169.6574
8.914569E1 173.9797
8.393851E1 186.7501
8.040685E1 196.4107
7.814421E1 203.0819
7.509997E1 212.7562
7.278508E1 220.6996
6.927593E1 233.8313
6.698399E1 243.2420
6.405353E1 256.3719
6.112153E1 270.9657
5.936432E1 280.5168
5.758096E1 290.9094
5.596378E1 301.0348
5.449589E1 310.8491
}
