breaktable(CX_LS_X107594) {
# Thermometre :	CX_LS_X107594
# Environment :	VA
# Date :	25/02/2016
# Function :	 logT = Sum ( Ai / logR^i )
# Coefficients :	
# A0=	-196.619926169068290E3
# A1=	5.912516726835353E6
# A2=	-78.934617072458461E6
# A3=	614.038049611558080E6
# A4=	-3.067182568352266E9
# A5=	10.201948127281958E9
# A6=	-22.595161292550072E9
# A7=	32.131671540495064E9
# A8=	-26.621402917778927E9
# A9=	9.790423132751045E9
# Rmes(Ohm) Tmes(K)
9.757937E3 1.5962
9.149742E3 1.6651
8.325946E3 1.7685
7.637269E3 1.8671
7.032214E3 1.9663
6.292289E3 2.1090
5.878625E3 2.2021
5.504616E3 2.2995
5.175196E3 2.3955
4.877502E3 2.4919
4.616139E3 2.5893
4.375626E3 2.6873
4.155859E3 2.7868
3.960058E3 2.8856
3.783728E3 2.9837
3.622725E3 3.0823
3.476631E3 3.1801
3.341824E3 3.2784
3.217619E3 3.3766
3.103884E3 3.4745
2.997855E3 3.5730
2.899706E3 3.6709
2.808377E3 3.7693
2.723609E3 3.8667
2.723746E3 3.8671
2.643971E3 3.9654
2.569826E3 4.0629
2.500197E3 4.1608
2.258178E3 4.5552
2.257224E3 4.5568
2.063434E3 4.9519
1.705311E3 5.9683
1.473149E3 6.9574
1.305741E3 7.9477
1.178827E3 8.9382
1.079030E3 9.9281
9.967710E2 10.9344
9.291738E2 11.9323
8.720749E2 12.9235
8.232442E2 13.9116
7.805225E2 14.9021
7.391274E2 15.9938
7.053995E2 16.9989
6.753323E2 17.9954
6.481694E2 18.9886
6.233297E2 19.9855
6.005086E2 20.9850
5.793806E2 21.9904
5.600131E2 22.9874
5.420508E2 23.9842
5.252428E2 24.9874
5.095933E2 25.9847
4.949579E2 26.9824
4.811845E2 27.9790
4.681818E2 28.9783
4.571250E2 29.8744
3.998954E2 35.3961
3.625318E2 40.0059
2.946634E2 51.5593
2.570335E2 60.7428
2.269480E2 70.3670
2.037625E2 79.7788
1.869740E2 88.0816
1.711900E2 97.3824
1.576153E2 106.8706
1.456563E2 116.6804
1.351287E2 126.7426
1.263919E2 136.3470
1.180409E2 146.8249
1.124031E2 154.7744
1.047779E2 166.8777
1.028897E2 170.1586
9.663039E1 181.9367
9.183674E1 192.0545
8.906222E1 198.4243
8.517691E1 208.0525
8.243489E1 215.4086
7.840306E1 227.2217
7.550850E1 236.5256
7.191282E1 249.2095
6.639970E1 271.5823
6.502650E1 277.8227
6.266774E1 289.2566
6.235887E1 290.8147
5.871126E1 310.7742
}
