breaktable(CX_LS_X104941) {
# Thermometre :	CX_LS_X104941
# Environment :	VA
# Date :	14/10/2015
# Function :	 logT = Sum ( Ai / logR^i )
# Coefficients :	
# A0=	-734.177483177369580E3
# A1=	24.523561840066835E6
# A2=	-363.770918889811930E6
# A3=	3.145015618911544E9
# A4=	-17.464514938408859E9
# A5=	64.597477890046699E9
# A6=	-159.145060495463130E9
# A7=	251.819477509533940E9
# A8=	-232.220991051321620E9
# A9=	95.088107301800079E9
# Rmes(Ohm) Tmes(K)
2.487108E4 1.6664
2.303714E4 1.7671
2.121504E4 1.8697
1.956233E4 1.9683
1.738042E4 2.1123
1.610461E4 2.2068
1.494950E4 2.3020
1.388032E4 2.3996
1.294344E4 2.4963
1.209627E4 2.5940
1.133950E4 2.6915
1.065783E4 2.7891
1.004348E4 2.8876
9.492114E3 2.9859
8.996666E3 3.0841
8.548991E3 3.1816
8.135659E3 3.2806
7.761701E3 3.3788
7.421034E3 3.4769
7.104626E3 3.5753
6.818011E3 3.6740
6.551224E3 3.7728
6.304976E3 3.8713
6.077440E3 3.9697
5.865329E3 4.0678
5.668868E3 4.1665
5.312389E3 4.3634
4.998905E3 4.5611
4.475420E3 4.9566
3.547483E3 5.9711
2.970925E3 6.9604
2.568643E3 7.9506
2.272962E3 8.9409
2.045477E3 9.9310
1.861872E3 10.9372
1.714319E3 11.9294
1.591022E3 12.9214
1.486228E3 13.9140
1.395907E3 14.9063
1.309985E3 15.9935
1.240312E3 16.9999
1.178605E3 17.9986
1.123312E3 18.9968
1.073378E3 19.9950
1.027932E3 20.9933
9.864499E2 21.9905
9.483412E2 22.9878
9.132228E2 23.9859
8.805106E2 24.9881
8.502729E2 25.9869
8.221269E2 26.9826
7.958364E2 27.9788
5.751091E2 39.9720
5.730682E2 40.1240
4.492381E2 52.0470
3.831987E2 61.4784
3.321575E2 71.2647
2.938429E2 80.7586
2.670217E2 88.9350
2.399613E2 98.9434
2.184591E2 108.5435
1.994547E2 118.6508
1.843782E2 128.0534
1.693189E2 138.9863
1.567610E2 149.5989
1.481376E2 157.8563
1.373093E2 169.6084
1.337003E2 173.9287
1.239922E2 186.7143
1.175103E2 196.3730
1.134043E2 203.0455
1.079268E2 212.7346
1.038521E2 220.5931
9.763277E1 233.8190
9.362822E1 243.2733
8.859648E1 256.3868
8.360790E1 270.9990
8.064412E1 280.5808
7.766679E1 290.9740
7.499895E1 301.0714
7.256671E1 310.9673
}
