breaktable(CX_LS_X106639) {
# Thermometre :	CX_LS_X106639
# Environment :	VA
# Date :	14/10/2015
# Function :	 logT = Sum ( Ai / logR^i )
# Coefficients :	
# A0=	-558.252679468505900E3
# A1=	18.026298264528599E6
# A2=	-258.500355201316600E6
# A3=	2.160638116887695E9
# A4=	-11.599970190589758E9
# A5=	41.483110479404381E9
# A6=	-98.813856815707062E9
# A7=	151.180478600800660E9
# A8=	-134.803629078840590E9
# A9=	53.374180332781998E9
# Rmes(Ohm) Tmes(K)
1.641005E4 1.6682
1.505895E4 1.7676
1.377155E4 1.8697
1.264665E4 1.9682
1.121764E4 2.1125
1.040774E4 2.2069
9.682371E3 2.3028
9.033351E3 2.3996
8.454356E3 2.4966
7.935343E3 2.5940
7.473901E3 2.6915
7.058626E3 2.7890
6.684138E3 2.8876
6.344524E3 2.9859
6.039297E3 3.0840
5.762222E3 3.1816
5.507226E3 3.2805
5.274712E3 3.3788
5.062281E3 3.4768
4.865585E3 3.5756
4.683985E3 3.6740
4.515726E3 3.7728
4.360396E3 3.8712
4.215954E3 3.9697
4.081244E3 4.0679
3.955347E3 4.1664
3.726901E3 4.3634
3.524543E3 4.5610
3.183938E3 4.9565
2.570284E3 5.9711
2.181538E3 6.9604
1.907221E3 7.9506
1.702181E3 8.9410
1.543195E3 9.9308
1.413800E3 10.9373
1.308934E3 11.9294
1.220760E3 12.9213
1.145375E3 13.9140
1.080097E3 14.9063
1.017677E3 15.9945
9.668573E2 17.0002
9.216968E2 17.9991
8.810625E2 18.9969
8.442076E2 19.9953
8.105594E2 20.9936
7.797382E2 21.9913
7.513406E2 22.9889
7.250848E2 23.9879
7.006282E2 24.9889
6.779162E2 25.9881
6.567167E2 26.9846
6.368680E2 27.9814
4.681646E2 40.0003
4.665932E2 40.1550
3.703003E2 52.0889
3.185152E2 61.5028
2.780048E2 71.2937
2.473449E2 80.8003
2.257593E2 88.9961
2.039098E2 98.9932
1.864422E2 108.5971
1.709213E2 118.7073
1.585054E2 128.1421
1.461569E2 139.0355
1.357764E2 149.6393
1.286194E2 157.9044
1.196124E2 169.6496
1.165955E2 173.9718
1.084793E2 186.7444
1.030466E2 196.4047
9.959436E1 203.0761
9.498558E1 212.7528
9.151554E1 220.6828
8.628827E1 233.8294
8.290710E1 243.2468
7.862495E1 256.3743
7.438087E1 270.9710
7.185767E1 280.5269
6.931364E1 290.9196
6.702254E1 301.0406
6.495162E1 310.8678
}
