breaktable(CX_LS_X106589) {
# Thermometre :	CX_LS_X106589
# Environment :	VA
# Date :	14/10/2015
# Function :	 logT = Sum ( Ai / logR^i )
# Coefficients :	
# A0=	-335.140671792195590E3
# A1=	10.635078202088743E6
# A2=	-149.878716171678600E6
# A3=	1.231154032038154E9
# A4=	-6.496002074823091E9
# A5=	22.831149572844692E9
# A6=	-53.450385415117668E9
# A7=	80.374045228153702E9
# A8=	-70.440232519639572E9
# A9=	27.413398011055702E9
# Rmes(Ohm) Tmes(K)
1.550984E4 1.6680
1.423382E4 1.7676
1.302659E4 1.8697
1.197568E4 1.9682
1.063616E4 2.1124
9.881318E3 2.2069
9.195855E3 2.3027
8.587826E3 2.3996
8.046465E3 2.4965
7.562024E3 2.5940
7.128275E3 2.6915
6.737058E3 2.7890
6.383593E3 2.8876
6.067298E3 2.9859
5.778347E3 3.0840
5.517653E3 3.1816
5.276672E3 3.2805
5.057537E3 3.3788
4.856772E3 3.4768
4.670777E3 3.5756
4.499358E3 3.6740
4.340064E3 3.7728
4.193152E3 3.8712
4.056239E3 3.9697
3.928411E3 4.0679
3.808948E3 4.1664
3.591893E3 4.3634
3.399807E3 4.5610
3.075644E3 4.9565
2.490540E3 5.9711
2.118963E3 6.9604
1.855407E3 7.9506
1.658279E3 8.9409
1.505501E3 9.9309
1.380558E3 10.9373
1.279435E3 11.9294
1.194259E3 12.9213
1.121335E3 13.9140
1.058174E3 14.9063
9.977385E2 15.9944
9.484168E2 17.0001
9.046252E2 17.9991
8.651901E2 18.9969
8.293921E2 19.9952
7.966924E2 20.9936
7.667271E2 21.9912
7.391006E2 22.9888
7.135536E2 23.9877
6.897356E2 24.9888
6.676110E2 25.9880
6.469534E2 26.9843
6.276069E2 27.9811
4.628450E2 39.9968
4.613054E2 40.1511
3.669388E2 52.0836
3.160629E2 61.4998
2.762183E2 71.2901
2.460259E2 80.7952
2.247466E2 88.9886
2.031847E2 98.9871
1.859388E2 108.5903
1.706036E2 118.7001
1.583282E2 128.1309
1.460969E2 139.0295
1.358116E2 149.6342
1.287158E2 157.8983
1.197788E2 169.6444
1.167850E2 173.9664
1.087249E2 186.7406
1.033274E2 196.4007
9.989693E1 203.0724
9.531475E1 212.7505
9.186814E1 220.6714
8.666461E1 233.8280
8.329869E1 243.2502
7.903767E1 256.3759
7.481167E1 270.9745
7.229833E1 280.5337
6.976484E1 290.9265
6.748329E1 301.0445
6.541818E1 310.8799
}
