breaktable(CX_LS_X107580) {
# Thermometre :	CX_LS_X107580
# Environment :	VA
# Date :	25/02/2016
# Function :	 logT = Sum ( Ai / logR^i )
# Coefficients :	
# A0=	-398.668999577671700E3
# A1=	11.935505054714959E6
# A2=	-158.667508694967000E6
# A3=	1.229260543127498E9
# A4=	-6.116444604584228E9
# A5=	20.269445332025082E9
# A6=	-44.737099329873863E9
# A7=	63.413116394369125E9
# A8=	-52.381181049954056E9
# A9=	19.211222153265869E9
# Rmes(Ohm) Tmes(K)
7.457328E3 1.5953
6.989241E3 1.6652
6.373973E3 1.7685
5.864396E3 1.8671
5.418669E3 1.9663
4.878193E3 2.1090
4.578076E3 2.2021
4.299807E3 2.2996
4.057823E3 2.3955
3.842281E3 2.4919
3.644363E3 2.5894
3.467713E3 2.6872
3.302517E3 2.7867
3.157341E3 2.8856
3.025590E3 2.9837
2.903817E3 3.0823
2.793777E3 3.1800
2.691820E3 3.2785
2.598119E3 3.3766
2.511634E3 3.4745
2.431018E3 3.5730
2.356270E3 3.6709
2.286253E3 3.7693
2.221510E3 3.8667
2.221412E3 3.8671
2.160351E3 3.9654
2.103417E3 4.0629
2.049618E3 4.1608
1.862259E3 4.5552
1.861611E3 4.5568
1.710259E3 4.9519
1.428629E3 5.9683
1.243883E3 6.9574
1.109466E3 7.9477
1.006832E3 8.9381
9.256279E2 9.9281
8.583619E2 10.9344
8.029822E2 11.9281
7.557176E2 12.9241
7.153001E2 13.9116
6.797877E2 14.9021
6.453468E2 15.9932
6.171464E2 16.9987
5.919160E2 17.9960
5.691314E2 18.9883
5.481973E2 19.9852
5.289863E2 20.9844
5.111096E2 21.9900
4.947039E2 22.9867
4.794647E2 23.9830
4.651573E2 24.9870
4.518438E2 25.9839
4.393503E2 26.9811
4.275942E2 27.9773
4.164589E2 28.9772
4.069827E2 29.8782
3.577853E2 35.3891
3.254259E2 40.0001
2.662900E2 51.5541
2.332716E2 60.7343
2.067246E2 70.3575
1.862176E2 79.7504
1.712810E2 88.0567
1.571908E2 97.3637
1.450475E2 106.8484
1.343234E2 116.6592
1.248602E2 126.7233
1.169917E2 136.3204
1.094449E2 146.8072
1.043460E2 154.7553
9.743237E1 166.8613
9.571799E1 170.1452
9.003414E1 181.9160
8.566756E1 192.0405
8.313857E1 198.4149
7.958938E1 208.0598
7.709194E1 215.4008
7.340421E1 227.2208
7.075045E1 236.5439
6.746009E1 249.2203
6.240632E1 271.5842
6.114635E1 277.8217
5.896775E1 289.3137
5.868796E1 290.8532
5.533484E1 310.8329
}
