breaktable(CX_LS_X106789) {
# Thermometre :	CX_LS_X106789
# Environment :	VA
# Date :	14/10/2015
# Function :	 logT = Sum ( Ai / logR^i )
# Coefficients :	
# A0=	-339.193958629076890E3
# A1=	9.765262245159436E6
# A2=	-124.841548697213290E6
# A3=	930.172727689349650E6
# A4=	-4.451307084501956E9
# A5=	14.187937006472103E9
# A6=	-30.119906591368851E9
# A7=	41.066923777060326E9
# A8=	-32.631245204647823E9
# A9=	11.512657678229181E9
# Rmes(Ohm) Tmes(K)
4.858281E3 1.6687
4.467692E3 1.7678
4.119890E3 1.8697
3.827860E3 1.9681
3.469853E3 2.1125
3.270430E3 2.2069
3.087773E3 2.3030
2.926221E3 2.3996
2.781327E3 2.4966
2.651020E3 2.5940
2.532940E3 2.6915
2.424489E3 2.7890
2.326372E3 2.8876
2.236968E3 2.9859
2.154829E3 3.0840
2.079647E3 3.1816
2.009652E3 3.2805
1.945219E3 3.3788
1.885672E3 3.4768
1.829718E3 3.5757
1.777885E3 3.6740
1.729198E3 3.7728
1.683818E3 3.8712
1.641293E3 3.9697
1.601193E3 4.0679
1.563387E3 4.1664
1.494043E3 4.3634
1.431710E3 4.5610
1.324443E3 4.9565
1.123103E3 5.9712
9.889683E2 6.9604
8.906507E2 7.9506
8.147696E2 8.9410
7.545287E2 9.9308
7.042067E2 10.9373
6.626725E2 11.9295
6.271801E2 12.9213
5.963468E2 13.9140
5.692511E2 14.9063
5.429756E2 15.9948
5.213218E2 17.0003
5.018518E2 17.9993
4.841548E2 18.9969
4.679357E2 19.9953
4.529871E2 20.9937
4.391699E2 21.9915
4.263253E2 22.9892
4.143535E2 23.9885
4.031140E2 24.9891
3.925939E2 25.9885
3.826995E2 26.9850
3.733707E2 27.9821
2.911145E2 40.0074
2.903198E2 40.1628
2.404826E2 52.0993
2.126032E2 61.5089
1.901296E2 71.3010
1.726803E2 80.8109
1.601363E2 89.0116
1.471998E2 99.0059
1.366579E2 108.6105
1.271240E2 118.7213
1.193641E2 128.1640
1.115411E2 139.0472
1.048580E2 149.6494
1.001870E2 157.9163
9.424517E1 169.6599
9.223537E1 173.9825
8.678687E1 186.7519
8.309469E1 196.4126
8.073048E1 203.0837
7.755178E1 212.7574
7.513461E1 220.7051
7.147592E1 233.8319
6.908753E1 243.2402
6.603475E1 256.3711
6.298243E1 270.9640
6.115467E1 280.5135
5.929987E1 290.9061
5.761839E1 301.0330
5.609375E1 310.8430
}
