breaktable(CX_LS_X107586) {
# Thermometre :	CX_LS_X107586
# Environment :	VA
# Date :	25/02/2016
# Function :	 logT = Sum ( Ai / logR^i )
# Coefficients :	
# A0=	108.940889658141970E3
# A1=	-3.361214323211266E6
# A2=	45.962656036002778E6
# A3=	-365.683551733095350E6
# A4=	1.865813038433962E9
# A5=	-6.332130008847503E9
# A6=	14.295671428432766E9
# A7=	-20.705475985461163E9
# A8=	17.459660347679440E9
# A9=	-6.531220217920924E9
# Rmes(Ohm) Tmes(K)
7.730823E3 1.5958
7.248773E3 1.6651
6.606541E3 1.7685
6.074955E3 1.8671
5.610093E3 1.9663
5.050428E3 2.1090
4.739345E3 2.2021
4.442842E3 2.2996
4.191710E3 2.3955
3.965184E3 2.4919
3.758937E3 2.5894
3.573951E3 2.6873
3.406488E3 2.7868
3.254777E3 2.8856
3.117164E3 2.9837
2.990866E3 3.0823
2.876443E3 3.1801
2.771309E3 3.2785
2.673924E3 3.3766
2.584299E3 3.4745
2.500654E3 3.5730
2.423234E3 3.6709
2.350854E3 3.7693
2.283806E3 3.8667
2.283488E3 3.8671
2.220354E3 3.9654
2.161392E3 4.0629
2.105876E3 4.1608
1.912049E3 4.5552
1.911536E3 4.5568
1.755152E3 4.9519
1.464654E3 5.9683
1.274346E3 6.9574
1.136027E3 7.9477
1.030517E3 8.9381
9.471063E2 9.9281
8.780313E2 10.9344
8.211298E2 11.9302
7.727300E2 12.9238
7.313093E2 13.9116
6.948669E2 14.9021
6.595899E2 15.9935
6.307024E2 16.9988
6.048784E2 17.9957
5.815378E2 18.9885
5.601465E2 19.9853
5.404318E2 20.9847
5.221624E2 21.9902
5.053745E2 22.9871
4.897818E2 23.9836
4.751613E2 24.9872
4.615414E2 25.9843
4.487658E2 26.9818
4.367481E2 27.9782
4.253698E2 28.9778
4.156808E2 29.8763
3.653882E2 35.3926
3.323473E2 40.0030
2.719690E2 51.5567
2.382621E2 60.7385
2.111737E2 70.3623
1.902341E2 79.7644
1.750029E2 88.0693
1.606444E2 97.3731
1.482691E2 106.8594
1.373391E2 116.6698
1.276923E2 126.7330
1.196684E2 136.3337
1.119802E2 146.8161
1.067829E2 154.7648
9.973813E1 166.8694
9.799147E1 170.1520
9.219788E1 181.9263
8.775044E1 192.0475
8.517449E1 198.4196
8.156216E1 208.0561
7.901469E1 215.4047
7.525905E1 227.2213
7.255901E1 236.5348
6.920620E1 249.2150
6.405838E1 271.5833
6.277540E1 277.8222
6.056337E1 289.2849
6.027681E1 290.8341
5.686529E1 310.8033
}
