breaktable(CX_LS_X105674) {
# Thermometre :	CX_LS_X105674
# Environment :	VA
# Date :	25/02/2016
# Function :	 logT = Sum ( Ai / logR^i )
# Coefficients :	
# A0=	-621.522309612720040E3
# A1=	20.447541080549113E6
# A2=	-298.729021636895890E6
# A3=	2.543624455779549E9
# A4=	-13.910902484478296E9
# A5=	50.672214907898109E9
# A6=	-122.938857314842560E9
# A7=	191.563333296295780E9
# A8=	-173.954738517537660E9
# A9=	70.138536683731522E9
# Rmes(Ohm) Tmes(K)
2.185829E4 1.5982
2.073043E4 1.6649
1.901780E4 1.7685
1.747734E4 1.8671
1.604250E4 1.9663
1.422182E4 2.1089
1.319487E4 2.2022
1.221244E4 2.2993
1.137256E4 2.3955
1.060741E4 2.4919
9.928109E3 2.5890
9.311503E3 2.6877
8.757586E3 2.7870
8.259462E3 2.8855
7.822794E3 2.9837
7.420534E3 3.0823
7.059020E3 3.1802
6.731459E3 3.2783
6.430292E3 3.3766
6.156752E3 3.4745
5.903762E3 3.5729
5.671631E3 3.6709
5.456945E3 3.7692
5.259569E3 3.8667
5.259065E3 3.8671
5.074728E3 3.9653
4.903741E3 4.0630
4.744461E3 4.1608
4.198505E3 4.5552
4.197229E3 4.5568
3.769561E3 4.9519
3.005439E3 5.9682
2.528426E3 6.9574
2.194435E3 7.9477
1.947317E3 8.9383
1.756720E3 9.9283
1.602325E3 10.9345
1.476218E3 11.9414
1.373191E3 12.9224
1.285012E3 13.9116
1.208607E3 14.9022
1.135406E3 15.9950
1.076433E3 16.9993
1.024275E3 17.9941
9.773865E2 18.9892
9.349324E2 19.9862
8.961575E2 20.9863
8.605148E2 21.9914
8.279997E2 22.9889
7.980151E2 23.9870
7.701775E2 24.9884
7.443482E2 25.9866
7.202755E2 26.9853
6.977779E2 27.9827
6.766457E2 28.9808
6.590484E2 29.8660
5.669498E2 35.4113
5.082969E2 40.0185
4.039124E2 51.5708
3.473060E2 60.7613
3.028095E2 70.3877
2.688976E2 79.8409
2.447136E2 88.1360
2.222273E2 97.4234
2.030412E2 106.9194
1.862860E2 116.7260
1.716532E2 126.7851
1.595793E2 136.4044
1.481661E2 146.8636
1.404809E2 154.8162
1.301525E2 166.9135
1.276058E2 170.1878
1.191811E2 181.9816
1.127737E2 192.0850
1.090795E2 198.4450
1.039398E2 208.0367
1.002934E2 215.4255
9.498063E1 227.2238
9.119424E1 236.4862
8.647786E1 249.1860
7.929135E1 271.5783
7.751015E1 277.8248
7.448869E1 289.1313
7.408170E1 290.7309
6.939563E1 310.6460
}
