breaktable(CX_LS_X104961) {
# Thermometre :	CX_LS_X104961
# Environment :	VA
# Date :	14/10/2015
# Function :	 logT = Sum ( Ai / logR^i )
# Coefficients :	
# A0=	-401.666711280679740E3
# A1=	13.257118632984851E6
# A2=	-194.356772114721390E6
# A3=	1.661125900622587E9
# A4=	-9.121016709332739E9
# A5=	33.366094586922256E9
# A6=	-81.316635338523346E9
# A7=	127.310010093355040E9
# A8=	-116.184850945894410E9
# A9=	47.090574299056412E9
# Rmes(Ohm) Tmes(K)
2.365667E4 1.6672
2.184663E4 1.7673
2.009034E4 1.8697
1.850000E4 1.9682
1.640944E4 2.1124
1.519986E4 2.2068
1.412344E4 2.3023
1.309911E4 2.3996
1.221319E4 2.4964
1.141522E4 2.5940
1.070739E4 2.6915
1.006796E4 2.7891
9.493117E3 2.8876
8.972453E3 2.9859
8.507971E3 3.0840
8.086809E3 3.1816
7.699208E3 3.2805
7.348956E3 3.3788
7.028035E3 3.4768
6.733564E3 3.5754
6.461353E3 3.6740
6.210273E3 3.7728
5.978749E3 3.8713
5.764666E3 3.9697
5.565697E3 4.0678
5.380114E3 4.1664
5.044517E3 4.3634
4.749385E3 4.5610
4.255079E3 4.9566
3.378385E3 5.9711
2.832513E3 6.9604
2.452115E3 7.9506
2.171235E3 8.9409
1.955096E3 9.9309
1.780376E3 10.9373
1.639937E3 11.9294
1.522587E3 12.9214
1.422796E3 13.9140
1.336744E3 14.9063
1.254752E3 15.9939
1.188351E3 17.0000
1.129511E3 17.9988
1.076771E3 18.9968
1.029107E3 19.9951
9.857165E2 20.9934
9.460999E2 21.9908
9.096932E2 22.9882
8.761311E2 23.9867
8.448985E2 24.9884
8.159992E2 25.9874
7.890876E2 26.9834
7.639487E2 27.9799
5.526606E2 39.9835
5.507078E2 40.1365
4.320860E2 52.0639
3.688825E2 61.4882
3.199368E2 71.2766
2.831702E2 80.7755
2.574309E2 88.9598
2.314818E2 98.9636
2.108517E2 108.5653
1.926055E2 118.6738
1.780981E2 128.0892
1.636502E2 139.0073
1.515811E2 149.6153
1.432878E2 157.8757
1.328742E2 169.6251
1.293993E2 173.9461
1.200618E2 186.7264
1.138291E2 196.3857
1.098762E2 203.0579
1.046001E2 212.7420
1.006622E2 220.6291
9.468947E1 233.8232
9.083972E1 243.2625
8.599030E1 256.3817
8.118770E1 270.9876
7.833576E1 280.5592
7.546810E1 290.9522
7.289399E1 301.0589
7.055693E1 310.9269
}
