breaktable(CX_LS_X106643) {
# Thermometre :	CX_LS_X106643
# Environment :	VA
# Date :	14/10/2015
# Function :	 logT = Sum ( Ai / logR^i )
# Coefficients :	
# A0=	-526.838550181029020E3
# A1=	16.771025133105621E6
# A2=	-237.088322546074750E6
# A3=	1.953512364842216E9
# A4=	-10.338674474087526E9
# A5=	36.445301593027222E9
# A6=	-85.573323666280456E9
# A7=	129.048913600040590E9
# A8=	-113.418998870514570E9
# A9=	44.261719182187942E9
# Rmes(Ohm) Tmes(K)
1.377931E4 1.6685
1.262059E4 1.7677
1.153373E4 1.8697
1.059219E4 1.9681
9.415771E3 2.1125
8.749964E3 2.2069
8.150985E3 2.3029
7.623091E3 2.3996
7.150193E3 2.4966
6.725743E3 2.5940
6.346539E3 2.6915
6.005704E3 2.7890
5.696951E3 2.8876
5.418497E3 2.9859
5.166907E3 3.0840
4.938244E3 3.1816
4.727243E3 3.2805
4.534931E3 3.3788
4.358605E3 3.4768
4.194841E3 3.5756
4.044422E3 3.6740
3.904127E3 3.7728
3.774123E3 3.8712
3.653894E3 3.9697
3.541090E3 4.0679
3.435628E3 4.1664
3.243923E3 4.3634
3.073843E3 4.5610
2.786234E3 4.9565
2.265445E3 5.9712
1.932930E3 6.9604
1.696952E3 7.9506
1.519905E3 8.9410
1.381862E3 9.9308
1.269165E3 10.9373
1.177541E3 11.9295
1.100438E3 12.9213
1.034304E3 13.9140
9.769379E2 14.9063
9.219720E2 15.9947
8.771196E2 17.0002
8.372066E2 17.9992
8.012587E2 18.9969
7.685915E2 19.9953
7.387374E2 20.9937
7.113551E2 21.9914
6.860937E2 22.9891
6.627142E2 23.9882
6.409184E2 24.9890
6.206515E2 25.9883
6.017149E2 26.9848
5.839711E2 27.9818
4.324270E2 40.0039
4.310086E2 40.1589
3.438803E2 52.0941
2.968202E2 61.5060
2.598650E2 71.2974
2.318150E2 80.8056
2.120234E2 89.0038
1.919552E2 98.9996
1.758771E2 108.6037
1.615625E2 118.7145
1.500820E2 128.1533
1.386558E2 139.0413
1.290297E2 149.6444
1.223832E2 157.9102
1.140084E2 169.6548
1.111997E2 173.9771
1.036407E2 186.7482
9.857440E1 196.4087
9.535309E1 203.0800
9.104966E1 212.7551
8.780358E1 220.6937
8.291940E1 233.8306
7.975695E1 243.2436
7.574648E1 256.3727
7.176989E1 270.9674
6.940505E1 280.5203
6.701920E1 290.9130
6.486839E1 301.0367
6.292585E1 310.8551
}
