breaktable(CX_LS_X107512) {
# Thermometre :	CX_LS_X107512
# Environment :	VA
# Date :	25/02/2016
# Function :	 logT = Sum ( Ai / logR^i )
# Coefficients :	
# A0=	-58.809502327534516E3
# A1=	1.643924297528041E6
# A2=	-20.321722628902614E6
# A3=	145.707837419512240E6
# A4=	-667.250016478074190E6
# A5=	2.021764570075907E9
# A6=	-4.048088177344800E9
# A7=	5.156159046207861E9
# A8=	-3.782591734750923E9
# A9=	1.213921180601575E9
# Rmes(Ohm) Tmes(K)
7.664711E3 1.5947
7.169994E3 1.6653
6.530077E3 1.7685
5.999201E3 1.8672
5.537257E3 1.9663
4.971136E3 2.1091
4.662161E3 2.2020
4.373429E3 2.2997
4.123517E3 2.3955
3.897779E3 2.4919
3.695416E3 2.5895
3.512033E3 2.6871
3.344074E3 2.7867
3.194334E3 2.8856
3.058305E3 2.9837
2.933708E3 3.0823
2.820657E3 3.1800
2.716077E3 3.2785
2.620030E3 3.3766
2.531558E3 3.4745
2.448954E3 3.5730
2.372406E3 3.6709
2.301037E3 3.7694
2.234625E3 3.8667
2.234650E3 3.8671
2.172269E3 3.9654
2.114068E3 4.0628
2.059307E3 4.1608
1.868430E3 4.5552
1.867655E3 4.5569
1.713907E3 4.9519
1.428107E3 5.9684
1.241265E3 6.9574
1.105587E3 7.9477
1.002286E3 8.9381
9.206340E2 9.9280
8.530890E2 10.9344
7.976147E2 11.9252
7.501705E2 12.9244
7.097187E2 13.9116
6.742474E2 14.9020
6.397946E2 15.9928
6.116369E2 16.9986
5.864404E2 17.9964
5.637217E2 18.9881
5.428860E2 19.9850
5.236972E2 20.9840
5.059135E2 21.9897
4.895815E2 22.9863
4.744208E2 23.9821
4.601731E2 24.9867
4.469393E2 25.9833
4.345244E2 26.9802
4.228443E2 27.9761
4.117716E2 28.9764
4.023601E2 29.8808
3.535579E2 35.3843
3.214605E2 39.9961
2.628884E2 51.5504
2.302340E2 60.7284
2.039897E2 70.3510
1.837532E2 79.7305
1.689981E2 88.0393
1.550823E2 97.3505
1.431008E2 106.8327
1.325216E2 116.6448
1.231868E2 126.7099
1.154254E2 136.3022
1.079851E2 146.7949
1.029586E2 154.7419
9.614277E1 166.8498
9.445273E1 170.1360
8.885340E1 181.9018
8.454840E1 192.0309
8.205587E1 198.4083
7.855515E1 208.0648
7.609873E1 215.3955
7.246537E1 227.2201
6.984833E1 236.5566
6.661067E1 249.2279
6.163730E1 271.5855
6.039771E1 277.8210
5.824576E1 289.3532
5.797280E1 290.8801
5.467141E1 310.8740
}
