breaktable(CX_LS_X105016) {
# Thermometre :	CX_LS_X105016
# Environment :	VA
# Date :	14/10/2015
# Function :	 logT = Sum ( Ai / logR^i )
# Coefficients :	
# A0=	-636.318302960278230E3
# A1=	21.278034298892871E6
# A2=	-315.990794655613960E6
# A3=	2.735205877013802E9
# A4=	-15.207759799002314E9
# A5=	56.322908740626945E9
# A6=	-138.944503180094210E9
# A7=	220.157130744821410E9
# A8=	-203.308416194294950E9
# A9=	83.368971704325058E9
# Rmes(Ohm) Tmes(K)
2.543739E4 1.6669
2.353094E4 1.7672
2.166980E4 1.8697
1.996331E4 1.9682
1.771674E4 2.1124
1.640445E4 2.2068
1.521364E4 2.3022
1.411988E4 2.3996
1.315725E4 2.4964
1.229008E4 2.5940
1.151042E4 2.6915
1.081322E4 2.7891
1.018589E4 2.8876
9.620461E3 2.9859
9.112044E3 3.0840
8.652902E3 3.1816
8.231509E3 3.2805
7.850661E3 3.3788
7.501755E3 3.4768
7.181744E3 3.5754
6.886763E3 3.6740
6.614382E3 3.7728
6.364030E3 3.8713
6.131416E3 3.9697
5.916278E3 4.0678
5.715460E3 4.1664
5.352679E3 4.3634
5.034266E3 4.5610
4.502027E3 4.9566
3.560653E3 5.9711
2.976550E3 6.9604
2.570837E3 7.9506
2.272325E3 8.9409
2.042934E3 9.9309
1.858082E3 10.9372
1.709359E3 11.9294
1.585428E3 12.9214
1.480147E3 13.9140
1.389408E3 14.9063
1.303147E3 15.9938
1.233279E3 17.0000
1.171444E3 17.9988
1.116059E3 18.9968
1.066040E3 19.9951
1.020546E3 20.9934
9.790251E2 21.9907
9.409035E2 22.9881
9.057823E2 23.9864
8.731030E2 24.9883
8.428900E2 25.9872
8.147635E2 26.9832
7.885111E2 27.9795
5.683929E2 39.9800
5.663630E2 40.1327
4.432351E2 52.0587
3.777581E2 61.4852
3.271630E2 71.2729
2.892182E2 80.7703
2.626854E2 88.9521
2.359580E2 98.9573
2.147360E2 108.5585
1.959865E2 118.6666
1.810982E2 128.0780
1.662689E2 139.0013
1.538976E2 149.6102
1.454026E2 157.8699
1.347420E2 169.6199
1.311871E2 173.9409
1.216368E2 186.7227
1.152609E2 196.3819
1.112232E2 203.0540
1.058393E2 212.7397
1.018245E2 220.6181
9.572511E1 233.8219
9.179658E1 243.2659
8.685386E1 256.3833
8.195910E1 270.9912
7.905291E1 280.5657
7.613261E1 290.9588
7.351329E1 301.0628
7.113273E1 310.9395
}
