breaktable(CX_LS_X107121) {
# Thermometre :	CX_LS_X107121
# Environment :	VA
# Date :	14/10/2015
# Function :	 logT = Sum ( Ai / logR^i )
# Coefficients :	
# A0=	-452.469837743505950E3
# A1=	13.549886650630394E6
# A2=	-180.202250932320300E6
# A3=	1.396857358418845E9
# A4=	-6.955050913185452E9
# A5=	23.067048277961113E9
# A6=	-50.959011102367035E9
# A7=	72.308214752565094E9
# A8=	-59.798419344863792E9
# A9=	21.959570904061550E9
# Rmes(Ohm) Tmes(K)
6.579637E3 1.6694
6.030107E3 1.7680
5.540383E3 1.8697
5.128342E3 1.9681
4.616920E3 2.1125
4.332545E3 2.2069
4.077214E3 2.3034
3.851779E3 2.3996
3.646434E3 2.4967
3.462642E3 2.5940
3.296554E3 2.6914
3.148266E3 2.7890
3.010451E3 2.8877
2.886329E3 2.9859
2.773209E3 3.0840
2.669883E3 3.1816
2.573396E3 3.2805
2.484856E3 3.3788
2.403389E3 3.4767
2.327331E3 3.5758
2.256572E3 3.6740
2.190420E3 3.7728
2.128987E3 3.8711
2.071118E3 3.9697
2.016969E3 4.0679
1.966090E3 4.1664
1.872742E3 4.3634
1.789112E3 4.5610
1.645928E3 4.9565
1.379357E3 5.9712
1.203593E3 6.9604
1.075685E3 7.9506
9.777266E2 8.9410
8.999726E2 9.9308
8.357026E2 10.9373
7.827312E2 11.9295
7.376634E2 12.9213
6.986271E2 13.9140
6.644320E2 14.9064
6.313704E2 15.9952
6.042085E2 17.0004
5.798635E2 17.9995
5.577862E2 18.9970
5.376039E2 19.9954
5.190509E2 20.9938
5.019391E2 21.9918
4.860767E2 22.9897
4.713194E2 23.9893
4.575103E2 24.9894
4.446071E2 25.9890
4.324967E2 26.9858
4.211052E2 27.9831
3.218138E2 40.0189
3.208691E2 40.1754
2.620032E2 52.1163
2.295915E2 61.5189
2.037116E2 71.3130
1.838000E2 80.8278
1.695962E2 89.0361
1.550631E2 99.0261
1.433010E2 108.6323
1.327313E2 118.7443
1.241660E2 128.1999
1.156058E2 139.0664
1.083201E2 149.6658
1.032506E2 157.9357
9.683054E1 169.6766
9.466391E1 173.9999
8.881649E1 186.7641
8.486833E1 196.4255
8.234722E1 203.0962
7.896787E1 212.7647
7.639543E1 220.7415
7.253617E1 233.8361
7.002264E1 243.2295
6.681198E1 256.3661
6.361658E1 270.9526
6.170944E1 280.4916
5.977721E1 290.8840
5.802711E1 301.0205
5.644982E1 310.8026
}
