breaktable(CX_LS_X107583) {
# Thermometre :	CX_LS_X107583
# Environment :	VA
# Date :	25/02/2016
# Function :	 logT = Sum ( Ai / logR^i )
# Coefficients :	
# A0=	-149.533996266556580E3
# A1=	4.481259488257524E6
# A2=	-59.650798959036715E6
# A3=	462.877095566104170E6
# A4=	-2.307428209564930E9
# A5=	7.662720146359968E9
# A6=	-16.951839136827398E9
# A7=	24.089293412333603E9
# A8=	-19.952481454512672E9
# A9=	7.338831779768950E9
# Rmes(Ohm) Tmes(K)
8.641418E3 1.5955
8.091656E3 1.6652
7.362715E3 1.7685
6.757165E3 1.8671
6.228093E3 1.9663
5.583371E3 2.1090
5.227765E3 2.2021
4.898053E3 2.2996
4.610331E3 2.3955
4.352205E3 2.4919
4.120475E3 2.5894
3.912237E3 2.6872
3.720044E3 2.7868
3.549097E3 2.8856
3.394345E3 2.9837
3.252915E3 3.0823
3.124525E3 3.1801
3.005887E3 3.2785
2.897149E3 3.3766
2.797023E3 3.4745
2.703517E3 3.5730
2.617239E3 3.6709
2.536399E3 3.7693
2.461653E3 3.8667
2.461580E3 3.8671
2.391238E3 3.9654
2.325782E3 4.0629
2.264032E3 4.1608
2.049389E3 4.5552
2.048731E3 4.5568
1.876305E3 4.9519
1.557004E3 5.9683
1.349147E3 6.9574
1.198757E3 7.9477
1.084461E3 8.9381
9.943821E2 9.9281
9.199953E2 10.9344
8.589088E2 11.9288
8.069387E2 12.9240
7.626422E2 13.9116
7.237422E2 14.9021
6.860774E2 15.9933
6.553210E2 16.9988
6.278434E2 17.9959
6.030896E2 18.9884
5.803339E2 19.9852
5.594949E2 20.9845
5.401414E2 21.9901
5.223914E2 22.9869
5.059232E2 23.9832
4.904831E2 24.9871
4.761220E2 25.9840
4.626645E2 26.9813
4.500117E2 27.9776
4.380385E2 28.9774
4.278568E2 29.8775
3.751123E2 35.3904
3.405491E2 40.0011
2.776343E2 51.5550
2.426569E2 60.7358
2.146232E2 70.3592
1.930186E2 79.7554
1.773239E2 88.0612
1.625517E2 97.3670
1.498440E2 106.8521
1.386356E2 116.6630
1.287565E2 126.7267
1.205517E2 136.3251
1.126943E2 146.8103
1.073905E2 154.7587
1.002069E2 166.8641
9.842698E1 170.1476
9.252900E1 181.9196
8.800369E1 192.0430
8.538428E1 198.4166
8.171161E1 208.0585
7.912694E1 215.4022
7.531528E1 227.2210
7.257522E1 236.5407
6.917830E1 249.2184
6.396689E1 271.5839
6.266878E1 277.8219
6.042711E1 289.3036
6.013872E1 290.8463
5.668950E1 310.8225
}
