breaktable(CX_LS_X107588) {
# Thermometre :	CX_LS_X107588
# Environment :	VA
# Date :	25/02/2016
# Function :	 logT = Sum ( Ai / logR^i )
# Coefficients :	
# A0=	-192.926934434891910E3
# A1=	5.733677147593841E6
# A2=	-75.691689045362934E6
# A3=	582.523530780710940E6
# A4=	-2.880098058721894E9
# A5=	9.486525937430754E9
# A6=	-20.816065296446373E9
# A7=	29.340977637877590E9
# A8=	-24.106051315406616E9
# A9=	8.795158915403524E9
# Rmes(Ohm) Tmes(K)
6.799726E3 1.5959
6.382070E3 1.6651
5.827765E3 1.7685
5.369882E3 1.8671
4.967001E3 1.9663
4.484845E3 2.1090
4.218949E3 2.2021
3.965366E3 2.2995
3.747004E3 2.3955
3.549553E3 2.4919
3.371765E3 2.5893
3.212435E3 2.6873
3.064706E3 2.7868
2.932010E3 2.8856
2.811619E3 2.9837
2.702426E3 3.0823
2.602533E3 3.1801
2.509848E3 3.2784
2.424412E3 3.3766
2.345498E3 3.4745
2.271932E3 3.5730
2.203626E3 3.6709
2.139793E3 3.7693
2.080406E3 3.8667
2.080287E3 3.8671
2.024458E3 3.9654
1.972231E3 4.0629
1.923043E3 4.1608
1.751014E3 4.5552
1.750486E3 4.5568
1.611242E3 4.9519
1.351237E3 5.9683
1.179962E3 6.9574
1.054952E3 7.9477
9.592510E2 8.9381
8.833858E2 9.9281
8.203970E2 10.9344
7.683808E2 11.9307
7.240878E2 12.9237
6.861107E2 13.9116
6.526166E2 14.9021
6.201458E2 15.9936
5.935476E2 16.9988
5.697404E2 17.9956
5.481796E2 18.9885
5.283910E2 19.9854
5.101634E2 20.9848
4.932279E2 21.9903
4.776608E2 22.9872
4.631917E2 23.9838
4.496123E2 24.9873
4.369540E2 25.9844
4.250699E2 26.9819
4.138822E2 27.9784
4.032860E2 28.9779
3.942575E2 29.8758
3.472887E2 35.3934
3.163551E2 40.0037
2.596421E2 51.5573
2.278687E2 60.7395
2.022702E2 70.3634
1.824364E2 79.7679
1.679873E2 88.0723
1.543419E2 97.3752
1.425612E2 106.8621
1.321409E2 116.6724
1.229337E2 126.7354
1.152669E2 136.3369
1.079142E2 146.8182
1.029397E2 154.7671
9.619215E1 166.8714
9.451833E1 170.1536
8.896267E1 181.9288
8.469585E1 192.0492
8.222271E1 198.4208
7.875375E1 208.0552
7.630511E1 215.4057
7.269464E1 227.2214
7.009807E1 236.5326
6.687104E1 249.2137
6.191396E1 271.5831
6.067713E1 277.8223
5.854557E1 289.2780
5.826878E1 290.8294
5.497760E1 310.7962
}
