breaktable(CX_LS_X107582) {
# Thermometre :	CX_LS_X107582
# Environment :	VA
# Date :	25/02/2016
# Function :	 logT = Sum ( Ai / logR^i )
# Coefficients :	
# A0=	-350.583907448231590E3
# A1=	10.486936482932949E6
# A2=	-139.274524140273690E6
# A3=	1.077830661240593E9
# A4=	-5.356430529802143E9
# A5=	17.726996515707485E9
# A6=	-39.068370898867111E9
# A7=	55.290249794310997E9
# A8=	-45.593730117632515E9
# A9=	16.691461329730352E9
# Rmes(Ohm) Tmes(K)
7.726583E3 1.5954
7.235947E3 1.6652
6.589263E3 1.7685
6.054570E3 1.8671
5.588059E3 1.9663
5.020834E3 2.1090
4.708579E3 2.2021
4.416012E3 2.2996
4.162174E3 2.3955
3.936605E3 2.4919
3.732833E3 2.5894
3.548146E3 2.6872
3.376635E3 2.7867
3.226421E3 2.8856
3.088171E3 2.9837
2.961568E3 3.0823
2.847477E3 3.1801
2.741624E3 3.2785
2.644661E3 3.3766
2.555566E3 3.4745
2.472370E3 3.5730
2.394953E3 3.6709
2.322867E3 3.7693
2.256045E3 3.8667
2.255715E3 3.8671
2.192922E3 3.9654
2.134376E3 4.0629
2.078932E3 4.1608
1.886292E3 4.5552
1.885587E3 4.5568
1.730370E3 4.9519
1.442003E3 5.9683
1.253419E3 6.9574
1.116530E3 7.9477
1.012211E3 8.9381
9.298038E2 9.9281
8.616192E2 10.9344
8.055393E2 11.9286
7.577554E2 12.9240
7.168980E2 13.9116
6.810886E2 14.9021
6.462824E2 15.9933
6.178681E2 16.9987
5.924437E2 17.9959
5.695080E2 18.9883
5.484465E2 19.9852
5.290931E2 20.9845
5.111308E2 21.9900
4.946394E2 22.9868
4.793264E2 23.9831
4.649592E2 24.9871
4.515903E2 25.9840
4.390513E2 26.9813
4.272566E2 27.9775
4.160867E2 28.9774
4.065842E2 29.8777
3.572824E2 35.3900
3.248969E2 40.0008
2.657762E2 51.5547
2.328061E2 60.7353
2.063201E2 70.3587
1.858696E2 79.7538
1.709871E2 88.0598
1.569575E2 97.3660
1.448715E2 106.8511
1.341994E2 116.6618
1.247813E2 126.7256
1.169520E2 136.3236
1.094449E2 146.8093
1.043730E2 154.7576
9.749739E1 166.8631
9.579261E1 170.1469
9.014023E1 181.9185
8.579935E1 192.0422
8.328513E1 198.4160
7.975819E1 208.0589
7.727482E1 215.4018
7.360996E1 227.2209
7.097358E1 236.5417
6.770409E1 249.2190
6.268346E1 271.5840
6.143211E1 277.8218
5.927012E1 289.3068
5.899199E1 290.8485
5.566323E1 310.8258
}
