breaktable(CX_LS_X107591) {
# Thermometre :	CX_LS_X107591
# Environment :	VA
# Date :	25/02/2016
# Function :	 logT = Sum ( Ai / logR^i )
# Coefficients :	
# A0=	138.096941350165610E3
# A1=	-4.372512942551172E6
# A2=	61.280781322599381E6
# A3=	-499.129169094818120E6
# A4=	2.604465901460365E9
# A5=	-9.031088055992867E9
# A6=	20.814516304022636E9
# A7=	-30.752472514709404E9
# A8=	26.433249817221729E9
# A9=	-10.072508524094166E9
# Rmes(Ohm) Tmes(K)
8.025615E3 1.5960
7.525929E3 1.6651
6.857503E3 1.7685
6.302821E3 1.8671
5.821130E3 1.9663
5.226769E3 2.1090
4.896981E3 2.2021
4.595145E3 2.2995
4.332758E3 2.3955
4.094025E3 2.4919
3.880806E3 2.5893
3.687546E3 2.6873
3.510223E3 2.7868
3.353631E3 2.8856
3.210572E3 2.9837
3.078495E3 3.0823
2.959998E3 3.1801
2.849640E3 3.2784
2.748237E3 3.3766
2.654776E3 3.4745
2.567750E3 3.5730
2.487285E3 3.6709
2.412113E3 3.7693
2.342319E3 3.8667
2.342110E3 3.8671
2.276402E3 3.9654
2.215046E3 4.0629
2.157406E3 4.1608
1.956325E3 4.5552
1.955621E3 4.5568
1.793681E3 4.9519
1.493098E3 5.9683
1.296592E3 6.9574
1.154012E3 7.9477
1.045409E3 8.9381
9.596587E2 9.9281
8.887186E2 10.9344
8.302861E2 11.9315
7.807372E2 12.9236
7.382566E2 13.9116
7.010126E2 14.9021
6.648858E2 15.9937
6.353761E2 16.9989
6.090145E2 17.9955
5.851470E2 18.9885
5.633447E2 19.9854
5.432387E2 20.9849
5.246006E2 21.9904
5.074952E2 22.9873
4.916142E2 23.9840
4.767360E2 24.9874
4.628772E2 25.9846
4.498820E2 26.9822
4.376628E2 27.9787
4.261044E2 28.9781
4.162658E2 29.8751
3.652234E2 35.3949
3.317674E2 40.0049
2.707637E2 51.5584
2.367933E2 60.7412
2.095459E2 70.3652
1.885112E2 79.7735
1.732416E2 88.0772
1.588630E2 97.3789
1.464786E2 106.8665
1.355493E2 116.6765
1.259123E2 126.7392
1.179016E2 136.3421
1.102353E2 146.8217
1.050549E2 154.7708
9.803837E1 166.8746
9.629964E1 170.1561
9.053306E1 181.9329
8.611088E1 192.0519
8.355026E1 198.4226
7.996211E1 208.0538
7.743002E1 215.4072
7.370169E1 227.2216
7.102357E1 236.5290
6.769667E1 249.2116
6.259186E1 271.5827
6.132007E1 277.8225
5.913089E1 289.2668
5.884633E1 290.8219
5.546735E1 310.7852
}
