breaktable(CX_LS_X107579) {
# Thermometre :	CX_LS_X107579
# Environment :	VA
# Date :	25/02/2016
# Function :	 logT = Sum ( Ai / logR^i )
# Coefficients :	
# A0=	-453.975488308755040E3
# A1=	13.883923565569146E6
# A2=	-188.539745718374880E6
# A3=	1.492087782970726E9
# A4=	-7.583625625669095E9
# A5=	25.670766621745911E9
# A6=	-57.872935314445938E9
# A7=	83.789373369394165E9
# A8=	-70.693360187168716E9
# A9=	26.481531818993347E9
# Rmes(Ohm) Tmes(K)
9.471648E3 1.5952
8.876006E3 1.6652
8.083011E3 1.7685
7.419066E3 1.8671
6.833979E3 1.9663
6.126540E3 2.1090
5.724425E3 2.2021
5.365593E3 2.2996
5.046106E3 2.3955
4.762272E3 2.4919
4.507174E3 2.5894
4.274704E3 2.6872
4.061150E3 2.7867
3.874171E3 2.8856
3.700790E3 2.9837
3.545141E3 3.0823
3.403108E3 3.1800
3.272222E3 3.2785
3.152132E3 3.3766
3.041727E3 3.4745
2.938887E3 3.5730
2.843558E3 3.6709
2.754733E3 3.7693
2.672344E3 3.8667
2.672089E3 3.8671
2.594998E3 3.9654
2.523004E3 4.0629
2.455030E3 4.1608
2.219478E3 4.5552
2.218472E3 4.5568
2.029402E3 4.9519
1.679855E3 5.9683
1.452811E3 6.9574
1.288818E3 7.9477
1.164358E3 8.9381
1.066376E3 9.9281
9.855649E2 10.9344
9.193015E2 11.9278
8.629285E2 12.9241
8.148458E2 13.9116
7.728040E2 14.9021
7.320321E2 15.9932
6.987920E2 16.9987
6.690954E2 17.9960
6.423726E2 18.9883
6.178549E2 19.9852
5.953719E2 20.9844
5.745242E2 21.9900
5.554125E2 22.9867
5.376917E2 23.9829
5.210791E2 24.9870
5.056458E2 25.9838
4.911879E2 26.9810
4.776035E2 27.9772
4.647471E2 28.9771
4.538246E2 29.8785
3.973214E2 35.3886
3.603526E2 39.9996
2.932167E2 51.5537
2.559842E2 60.7337
2.261841E2 70.3568
2.032537E2 79.7483
1.866041E2 88.0549
1.709427E2 97.3623
1.574825E2 106.8467
1.456179E2 116.6577
1.351662E2 126.7218
1.264904E2 136.3184
1.181824E2 146.8058
1.125775E2 154.7539
1.049882E2 166.8601
1.031082E2 170.1442
9.688081E1 181.9144
9.210238E1 192.0395
8.933737E1 198.4142
8.545995E1 208.0603
8.273391E1 215.4003
7.871201E1 227.2207
7.582012E1 236.5453
7.223812E1 249.2211
6.674266E1 271.5844
6.537417E1 277.8216
6.300777E1 289.3180
6.270441E1 290.8560
5.906625E1 310.8373
}
