breaktable(CX_LS_X107573) {
# Thermometre :	CX_LS_X107573
# Environment :	VA
# Date :	25/02/2016
# Function :	 logT = Sum ( Ai / logR^i )
# Coefficients :	
# A0=	-93.688275029911659E3
# A1=	2.740875579187835E6
# A2=	-35.595880648364134E6
# A3=	269.328811589355350E6
# A4=	-1.308301084253255E9
# A5=	4.230994628852574E9
# A6=	-9.108815991728306E9
# A7=	12.587726557869591E9
# A8=	-10.131562864578257E9
# A9=	3.618468260566647E9
# Rmes(Ohm) Tmes(K)
8.397802E3 1.5950
7.859678E3 1.6652
7.153686E3 1.7685
6.567600E3 1.8672
6.055796E3 1.9663
5.433678E3 2.1091
5.084805E3 2.2020
4.768709E3 2.2997
4.489991E3 2.3955
4.241217E3 2.4919
4.017465E3 2.5895
3.815224E3 2.6871
3.629808E3 2.7867
3.463474E3 2.8856
3.313959E3 2.9837
3.176967E3 3.0823
3.052538E3 3.1800
2.937430E3 3.2785
2.831823E3 3.3766
2.734611E3 3.4745
2.643800E3 3.5730
2.560092E3 3.6709
2.481660E3 3.7694
2.409108E3 3.8667
2.409024E3 3.8671
2.340606E3 3.9654
2.277079E3 4.0629
2.216973E3 4.1608
2.008344E3 4.5552
2.007703E3 4.5568
1.839829E3 4.9519
1.528801E3 5.9684
1.326089E3 6.9574
1.179265E3 7.9477
1.067579E3 8.9381
9.794872E2 9.9280
9.067142E2 10.9344
8.469852E2 11.9266
7.959895E2 12.9242
7.525896E2 13.9116
7.144441E2 14.9020
6.775582E2 15.9930
6.473649E2 16.9987
6.203776E2 17.9962
5.960652E2 18.9882
5.737681E2 19.9851
5.532633E2 20.9842
5.342630E2 21.9898
5.168223E2 22.9865
5.006382E2 23.9825
4.854418E2 24.9869
4.713230E2 25.9835
4.580852E2 26.9806
4.456364E2 27.9767
4.338435E2 28.9768
4.238207E2 29.8796
3.718817E2 35.3864
3.377853E2 39.9979
2.756596E2 51.5521
2.410800E2 60.7310
2.133306E2 70.3539
1.919463E2 79.7395
1.763804E2 88.0472
1.617143E2 97.3565
1.490951E2 106.8398
1.379598E2 116.6514
1.281414E2 126.7159
1.199858E2 136.3103
1.121652E2 146.8005
1.068878E2 154.7480
9.973587E1 166.8550
9.796331E1 170.1401
9.209094E1 181.9081
8.758006E1 192.0352
8.496918E1 198.4113
8.130447E1 208.0625
7.873097E1 215.3979
7.492857E1 227.2204
7.219195E1 236.5509
6.880459E1 249.2244
6.360429E1 271.5849
6.230849E1 277.8213
6.006297E1 289.3350
5.977688E1 290.8679
5.632897E1 310.8553
}
