breaktable(CX_LS_X107596) {
# Thermometre :	CX_LS_X107596
# Environment :	VA
# Date :	25/02/2016
# Function :	 logT = Sum ( Ai / logR^i )
# Coefficients :	
# A0=	-113.207092121089300E3
# A1=	3.260937534414216E6
# A2=	-41.680635373695724E6
# A3=	310.247490756425980E6
# A4=	-1.481917775111681E9
# A5=	4.710189913755174E9
# A6=	-9.961216152261150E9
# A7=	13.514845204637890E9
# A8=	-10.673171972177649E9
# A9=	3.737773125132594E9
# Rmes(Ohm) Tmes(K)
7.215904E3 1.5963
6.775259E3 1.6651
6.186000E3 1.7685
5.698040E3 1.8671
5.267896E3 1.9663
4.752482E3 2.1090
4.459465E3 2.2021
4.196219E3 2.2995
3.962112E3 2.3955
3.750511E3 2.4919
3.563535E3 2.5893
3.391135E3 2.6874
3.234555E3 2.7868
3.094112E3 2.8856
2.966224E3 2.9837
2.849396E3 3.0823
2.743062E3 3.1801
2.644255E3 3.2784
2.553502E3 3.3766
2.469967E3 3.4745
2.391640E3 3.5730
2.319382E3 3.6709
2.251589E3 3.7693
2.188740E3 3.8667
2.188591E3 3.8671
2.129229E3 3.9653
2.073875E3 4.0629
2.021694E3 4.1608
1.839575E3 4.5552
1.839016E3 4.5568
1.691815E3 4.9519
1.417149E3 5.9683
1.236575E3 6.9574
1.104959E3 7.9477
1.004302E3 8.9382
9.245540E2 9.9281
8.583993E2 10.9344
8.037045E2 11.9328
7.573335E2 12.9235
7.174316E2 13.9116
6.823950E2 14.9021
6.483044E2 15.9938
6.204190E2 16.9989
5.954714E2 17.9953
5.728792E2 18.9886
5.521486E2 19.9855
5.330542E2 20.9851
5.153185E2 21.9905
4.990168E2 22.9875
4.838608E2 23.9844
4.696514E2 24.9875
4.563957E2 25.9848
4.439526E2 26.9826
4.322405E2 27.9792
4.211527E2 28.9785
4.117039E2 29.8739
3.625249E2 35.3970
3.301675E2 40.0066
2.708357E2 51.5600
2.375906E2 60.7438
2.108112E2 70.3681
1.900444E2 79.7822
1.749312E2 88.0846
1.606643E2 97.3847
1.483434E2 106.8733
1.374472E2 116.6829
1.278165E2 126.7451
1.197932E2 136.3500
1.121025E2 146.8270
1.068953E2 154.7767
9.983173E1 166.8797
9.807938E1 170.1602
9.225931E1 181.9392
8.779170E1 192.0562
8.520169E1 198.4255
8.157081E1 208.0516
7.900248E1 215.4095
7.522025E1 227.2219
7.250210E1 236.5234
6.911828E1 249.2082
6.391852E1 271.5821
6.262164E1 277.8228
6.039204E1 289.2497
6.010017E1 290.8100
5.664926E1 310.7671
}
