breaktable(CX_LS_X107593) {
# Thermometre :	CX_LS_X107593
# Environment :	VA
# Date :	25/02/2016
# Function :	 logT = Sum ( Ai / logR^i )
# Coefficients :	
# A0=	31.964534919688085E3
# A1=	-1.086743558779541E6
# A2=	16.099150250615317E6
# A3=	-136.994073996606980E6
# A4=	740.163179710607050E6
# A5=	-2.638818856805004E9
# A6=	6.217867236055292E9
# A7=	-9.348821321073296E9
# A8=	8.146478744594749E9
# A9=	-3.136962155617275E9
# Rmes(Ohm) Tmes(K)
6.652958E3 1.5961
6.240114E3 1.6651
5.692577E3 1.7685
5.241396E3 1.8671
4.848822E3 1.9663
4.372882E3 2.1090
4.102761E3 2.2021
3.860069E3 2.2995
3.646916E3 2.3955
3.455699E3 2.4919
3.280180E3 2.5893
3.123615E3 2.6873
2.979479E3 2.7868
2.850793E3 2.8856
2.733613E3 2.9837
2.625982E3 3.0823
2.528437E3 3.1801
2.438085E3 3.2784
2.354300E3 3.3766
2.277426E3 3.4745
2.205836E3 3.5730
2.139274E3 3.6709
2.076984E3 3.7693
2.019018E3 3.8667
2.018929E3 3.8671
1.964481E3 3.9654
1.913609E3 4.0629
1.865622E3 4.1608
1.698191E3 4.5552
1.697385E3 4.5568
1.561935E3 4.9519
1.308998E3 5.9683
1.142552E3 6.9574
1.021163E3 7.9477
9.282887E2 8.9381
8.546995E2 9.9281
7.936442E2 10.9344
7.431901E2 11.9320
7.003507E2 12.9236
6.635326E2 13.9116
6.311395E2 14.9021
5.997084E2 15.9937
5.739793E2 16.9989
5.509502E2 17.9954
5.300948E2 18.9886
5.109809E2 19.9855
4.933501E2 20.9850
4.769913E2 21.9904
4.619516E2 22.9874
4.479723E2 23.9841
4.348614E2 24.9874
4.226344E2 25.9847
4.111606E2 26.9823
4.003582E2 27.9789
3.901318E2 28.9783
3.814186E2 29.8746
3.360880E2 35.3956
3.062654E2 40.0055
2.516075E2 51.5590
2.210017E2 60.7422
1.963562E2 70.3663
1.772575E2 79.7766
1.633554E2 88.0798
1.502340E2 97.3810
1.389068E2 106.8690
1.288902E2 116.6788
1.200392E2 126.7414
1.126671E2 136.3451
1.055994E2 146.8235
1.008156E2 154.7730
9.432662E1 166.8764
9.271690E1 170.1576
8.737224E1 181.9352
8.326868E1 192.0535
8.088990E1 198.4236
7.755477E1 208.0530
7.519770E1 215.4080
7.172519E1 227.2217
6.922910E1 236.5270
6.612413E1 249.2103
6.135448E1 271.5825
6.016529E1 277.8226
5.811880E1 289.2609
5.785216E1 290.8176
5.468974E1 310.7786
}
