breaktable(CX_LS_X108168) {
# Thermometre :	CX_LS_X108168
# Environment :	VA
# Date :	25/02/2016
# Function :	 logT = Sum ( Ai / logR^i )
# Coefficients :	
# A0=	-244.176647262057110E3
# A1=	7.008459950492848E6
# A2=	-89.317876713504642E6
# A3=	663.342743910645130E6
# A4=	-3.163799410964168E9
# A5=	10.049330530546509E9
# A6=	-21.257653364286655E9
# A7=	28.876400563278603E9
# A8=	-22.856896987036526E9
# A9=	8.032186378022257E9
# Rmes(Ohm) Tmes(K)
5.261458E3 1.5969
4.949525E3 1.6650
4.531132E3 1.7685
4.187845E3 1.8671
3.889935E3 1.9663
3.525999E3 2.1089
3.322303E3 2.2021
3.136644E3 2.2994
2.971662E3 2.3955
2.825456E3 2.4919
2.690925E3 2.5892
2.568347E3 2.6875
2.456994E3 2.7869
2.355611E3 2.8856
2.264412E3 2.9837
2.180865E3 3.0823
2.104193E3 3.1802
2.033087E3 3.2784
1.967313E3 3.3766
1.906642E3 3.4745
1.849716E3 3.5730
1.796916E3 3.6709
1.747452E3 3.7692
1.701297E3 3.8667
1.701254E3 3.8671
1.657806E3 3.9653
1.617243E3 4.0629
1.578720E3 4.1608
1.444224E3 4.5552
1.443525E3 4.5568
1.334073E3 4.9519
1.127855E3 5.9683
9.908162E2 6.9574
8.901814E2 7.9477
8.127484E2 8.9382
7.510458E2 9.9282
6.996332E2 10.9345
6.568636E2 11.9354
6.206723E2 12.9231
5.893192E2 13.9116
5.617077E2 14.9021
5.348260E2 15.9942
5.127501E2 16.9990
4.929878E2 17.9949
4.749989E2 18.9888
4.585140E2 19.9857
4.432607E2 20.9854
4.291172E2 21.9908
4.160734E2 22.9880
4.039305E2 23.9852
3.925345E2 24.9878
3.818820E2 25.9854
3.718699E2 26.9834
3.624353E2 27.9803
3.534987E2 28.9792
3.459060E2 29.8715
3.060157E2 35.4013
2.796974E2 40.0103
2.311433E2 51.5633
2.037535E2 60.7491
1.815941E2 70.3741
1.643230E2 79.8003
1.517257E2 88.1005
1.397992E2 97.3966
1.294598E2 106.8875
1.202882E2 116.6961
1.121640E2 126.7572
1.053811E2 136.3667
9.887183E1 146.8383
9.445366E1 154.7887
8.845153E1 166.8901
8.696078E1 170.1687
8.200073E1 181.9521
7.819016E1 192.0650
7.597784E1 198.4314
7.287583E1 208.0471
7.067359E1 215.4144
6.743228E1 227.2225
6.510262E1 236.5119
6.219359E1 249.2015
5.771791E1 271.5810
5.660009E1 277.8234
5.468437E1 289.2134
5.443096E1 290.7859
5.145482E1 310.7299
}
