breaktable(CX_LS_X104885) {
# Thermometre :	CX_LS_X104885
# Environment :	VA
# Date :	14/10/2015
# Function :	 logT = Sum ( Ai / logR^i )
# Coefficients :	
# A0=	-837.821931060392290E3
# A1=	27.864029268526260E6
# A2=	-411.507080091600780E6
# A3=	3.541938133573009E9
# A4=	-19.580503950904186E9
# A5=	72.096268162214920E9
# A6=	-176.807738955792850E9
# A7=	278.477112044891110E9
# A8=	-255.608368890564910E9
# A9=	104.172861978922120E9
# Rmes(Ohm) Tmes(K)
2.267717E4 1.6663
2.095580E4 1.7670
1.922563E4 1.8697
1.769828E4 1.9683
1.569906E4 2.1123
1.454518E4 2.2068
1.350590E4 2.3019
1.254503E4 2.3996
1.170411E4 2.4963
1.094709E4 2.5940
1.027136E4 2.6915
9.666388E3 2.7891
9.117576E3 2.8876
8.625702E3 2.9859
8.181872E3 3.0841
7.782505E3 3.1816
7.412840E3 3.2806
7.077966E3 3.3788
6.773201E3 3.4769
6.492112E3 3.5753
6.232725E3 3.6740
5.993239E3 3.7728
5.772355E3 3.8713
5.568133E3 3.9697
5.377787E3 4.0678
5.200507E3 4.1665
4.879677E3 4.3634
4.597422E3 4.5611
4.124238E3 4.9566
3.282918E3 5.9711
2.757502E3 6.9604
2.391041E3 7.9506
2.119801E3 8.9409
1.910852E3 9.9310
1.741790E3 10.9372
1.605806E3 11.9294
1.491978E3 12.9214
1.395112E3 13.9140
1.311531E3 14.9063
1.231941E3 15.9934
1.167334E3 16.9998
1.110055E3 17.9986
1.058689E3 18.9967
1.012255E3 19.9950
9.699683E2 20.9932
9.313445E2 21.9904
8.958361E2 22.9877
8.630969E2 23.9857
8.325671E2 24.9881
8.043414E2 25.9867
7.780511E2 26.9824
7.534872E2 27.9786
5.466813E2 39.9693
5.447623E2 40.1210
4.282358E2 52.0430
3.658926E2 61.4760
3.176339E2 71.2620
2.813489E2 80.7546
2.559165E2 88.9291
2.302214E2 98.9386
2.097873E2 108.5384
1.917094E2 118.6454
1.773555E2 128.0449
1.629902E2 138.9817
1.510029E2 149.5950
1.427659E2 157.8519
1.324133E2 169.6044
1.289612E2 173.9248
1.196681E2 186.7114
1.134601E2 196.3700
1.095253E2 203.0425
1.042738E2 212.7330
1.003697E2 220.5845
9.439787E1 233.8180
9.055192E1 243.2758
8.572041E1 256.3880
8.092676E1 271.0017
7.807706E1 280.5860
7.521434E1 290.9792
7.264863E1 301.0743
7.030612E1 310.9764
}
