breaktable(CX_LS_X108164) {
# Thermometre :	CX_LS_X108164
# Environment :	VA
# Date :	25/02/2016
# Function :	 logT = Sum ( Ai / logR^i )
# Coefficients :	
# A0=	239.563121037860690E3
# A1=	-7.077433578780971E6
# A2=	92.770295582664877E6
# A3=	-708.185826663932680E6
# A4=	3.469863926855320E9
# A5=	-11.316703167822710E9
# A6=	24.569060736717903E9
# A7=	-34.240578502647091E9
# A8=	27.796840794294346E9
# A9=	-10.015364809695621E9
# Rmes(Ohm) Tmes(K)
5.313431E3 1.5968
4.998073E3 1.6650
4.576232E3 1.7685
4.230004E3 1.8671
3.929769E3 1.9663
3.561213E3 2.1090
3.358992E3 2.2021
3.168108E3 2.2994
3.000990E3 2.3955
2.852490E3 2.4919
2.717484E3 2.5892
2.593852E3 2.6874
2.480828E3 2.7869
2.380107E3 2.8856
2.286159E3 2.9837
2.202293E3 3.0823
2.124549E3 3.1801
2.052703E3 3.2784
1.986433E3 3.3766
1.925137E3 3.4745
1.867580E3 3.5730
1.814082E3 3.6709
1.764208E3 3.7693
1.717523E3 3.8667
1.717452E3 3.8671
1.673444E3 3.9653
1.632343E3 4.0629
1.593484E3 4.1608
1.457419E3 4.5552
1.456826E3 4.5568
1.346167E3 4.9519
1.137816E3 5.9683
9.993345E2 6.9574
8.976538E2 7.9477
8.194432E2 8.9382
7.571255E2 9.9282
7.052086E2 10.9345
6.620389E2 11.9349
6.254618E2 12.9232
5.938111E2 13.9116
5.659369E2 14.9021
5.388030E2 15.9941
5.165397E2 16.9990
4.965978E2 17.9950
4.784429E2 18.9888
4.618017E2 19.9857
4.464285E2 20.9854
4.321478E2 21.9907
4.189895E2 22.9879
4.067382E2 23.9850
3.952442E2 24.9877
3.844990E2 25.9853
3.744017E2 26.9832
3.648864E2 27.9800
3.558713E2 28.9791
3.482053E2 29.8720
3.079968E2 35.4004
2.814605E2 40.0095
2.325183E2 51.5626
2.049202E2 60.7480
1.825933E2 70.3728
1.651992E2 79.7966
1.525107E2 88.0972
1.404980E2 97.3942
1.300886E2 106.8846
1.208579E2 116.6933
1.126825E2 126.7547
1.058557E2 136.3633
9.930488E1 146.8360
9.485951E1 154.7862
8.882092E1 166.8879
8.732108E1 170.1669
8.233236E1 181.9494
7.849951E1 192.0632
7.627478E1 198.4302
7.315535E1 208.0480
7.094215E1 215.4134
6.768432E1 227.2223
6.534244E1 236.5143
6.241978E1 249.2029
5.792416E1 271.5812
5.680163E1 277.8233
5.487675E1 289.2209
5.462236E1 290.7910
5.163398E1 310.7375
}
