breaktable(CX_LS_X107473) {
# Thermometre :	CX_LS_X107473
# Environment :	VA
# Date :	14/10/2015
# Function :	 logT = Sum ( Ai / logR^i )
# Coefficients :	
# A0=	-336.046118274829700E3
# A1=	10.316268924972491E6
# A2=	-140.662608342847380E6
# A3=	1.118025044721448E9
# A4=	-5.708561562986223E9
# A5=	19.417256806598495E9
# A6=	-43.997280206570946E9
# A7=	64.038058894335365E9
# A8=	-54.327531731011711E9
# A9=	20.467531773363403E9
# Rmes(Ohm) Tmes(K)
9.034196E3 1.6695
8.262560E3 1.7680
7.561983E3 1.8697
6.968618E3 1.9681
6.235987E3 2.1125
5.826274E3 2.2069
5.459502E3 2.3034
5.132046E3 2.3996
4.839163E3 2.4967
4.579059E3 2.5940
4.343574E3 2.6914
4.132689E3 2.7890
3.938945E3 2.8877
3.764266E3 2.9859
3.605163E3 3.0840
3.460576E3 3.1816
3.326204E3 3.2805
3.203093E3 3.3788
3.090192E3 3.4767
2.984461E3 3.5758
2.887181E3 3.6740
2.796267E3 3.7728
2.711924E3 3.8711
2.632905E3 3.9697
2.558888E3 4.0679
2.489714E3 4.1664
2.362711E3 4.3634
2.249547E3 4.5610
2.056817E3 4.9565
1.701564E3 5.9712
1.470680E3 6.9604
1.304184E3 7.9506
1.177586E3 8.9410
1.078074E3 9.9308
9.961056E2 10.9373
9.289939E2 11.9295
8.721101E2 12.9213
8.230627E2 13.9140
7.802911E2 14.9064
7.390583E2 15.9953
7.053695E2 17.0004
6.752202E2 17.9995
6.479779E2 18.9970
6.231479E2 19.9954
6.003837E2 20.9938
5.794428E2 21.9918
5.600757E2 22.9898
5.421049E2 23.9894
5.253306E2 24.9894
5.096839E2 25.9891
4.950345E2 26.9860
4.812797E2 27.9833
3.626009E2 40.0207
3.614809E2 40.1776
2.922523E2 52.1192
2.545246E2 61.5204
2.246061E2 71.3148
2.017200E2 80.8306
1.854706E2 89.0401
1.689166E2 99.0292
1.555754E2 108.6358
1.436349E2 118.7480
1.339891E2 128.2057
1.243848E2 139.0695
1.162330E2 149.6684
1.105738E2 157.9386
1.034250E2 169.6793
1.010163E2 174.0026
9.452828E1 186.7661
9.015691E1 196.4276
8.736947E1 203.0982
8.363830E1 212.7658
8.080090E1 220.7470
7.655330E1 233.8368
7.379075E1 243.2279
7.026649E1 256.3653
6.676457E1 270.9507
6.467719E1 280.4883
6.256416E1 290.8807
6.065177E1 301.0185
5.892983E1 310.7960
}
