breaktable(CX_LS_X106581) {
# Thermometre :	CX_LS_X106581
# Environment :	VA
# Date :	14/10/2015
# Function :	 logT = Sum ( Ai / logR^i )
# Coefficients :	
# A0=	-195.709651340553920E3
# A1=	6.165149003898229E6
# A2=	-86.280669516732618E6
# A3=	704.047320416090130E6
# A4=	-3.691390388349641E9
# A5=	12.896089406259243E9
# A6=	-30.018807918220024E9
# A7=	44.894250233692726E9
# A8=	-39.141916521472725E9
# A9=	15.157895223719486E9
# Rmes(Ohm) Tmes(K)
1.477945E4 1.6677
1.352871E4 1.7675
1.237223E4 1.8697
1.136510E4 1.9682
1.009478E4 2.1124
9.378742E3 2.2068
8.737773E3 2.3026
8.159442E3 2.3996
7.645124E3 2.4965
7.187152E3 2.5940
6.779887E3 2.6915
6.407869E3 2.7890
6.075368E3 2.8876
5.775397E3 2.9859
5.503875E3 3.0840
5.257784E3 3.1816
5.030096E3 3.2805
4.822827E3 3.3788
4.633026E3 3.4768
4.457271E3 3.5755
4.294929E3 3.6740
4.144201E3 3.7728
4.004615E3 3.8712
3.875136E3 3.9697
3.754076E3 4.0679
3.641262E3 4.1664
3.435374E3 4.3634
3.253182E3 4.5610
2.945670E3 4.9566
2.389557E3 5.9711
2.035484E3 6.9604
1.784231E3 7.9506
1.596694E3 8.9409
1.450243E3 9.9309
1.331036E3 10.9373
1.234131E3 11.9294
1.152645E3 12.9213
1.082786E3 13.9140
1.022248E3 14.9063
9.642423E2 15.9942
9.169522E2 17.0001
8.749249E2 17.9990
8.370479E2 18.9968
8.026604E2 19.9952
7.712331E2 20.9935
7.424274E2 21.9910
7.158606E2 22.9886
6.912851E2 23.9873
6.683563E2 24.9886
6.470604E2 25.9877
6.271728E2 26.9840
6.085358E2 27.9806
4.496584E2 39.9916
4.481706E2 40.1454
3.569446E2 52.0759
3.076546E2 61.4952
2.690362E2 71.2848
2.397550E2 80.7874
2.191018E2 88.9772
1.981521E2 98.9778
1.813865E2 108.5803
1.664714E2 118.6895
1.545343E2 128.1143
1.426125E2 139.0207
1.325906E2 149.6266
1.256742E2 157.8893
1.169574E2 169.6366
1.140374E2 173.9583
1.061700E2 186.7350
1.009007E2 196.3947
9.755075E1 203.0666
9.307355E1 212.7471
8.971114E1 220.6546
8.461849E1 233.8261
8.132485E1 243.2551
7.715820E1 256.3782
7.302211E1 270.9796
7.056064E1 280.5439
6.807958E1 290.9367
6.584629E1 301.0503
6.382031E1 310.8986
}
