breaktable(CX_LS_X106792) {
# Thermometre :	CX_LS_X106792
# Environment :	VA
# Date :	14/10/2015
# Function :	 logT = Sum ( Ai / logR^i )
# Coefficients :	
# A0=	-378.564153524731000E3
# A1=	11.007563118204324E6
# A2=	-142.121717002678960E6
# A3=	1.069397881460548E9
# A4=	-5.167970609203622E9
# A5=	16.633841621498636E9
# A6=	-35.657704632640221E9
# A7=	49.091396822824295E9
# A8=	-39.386605815188293E9
# A9=	14.030771187276854E9
# Rmes(Ohm) Tmes(K)
5.520675E3 1.6689
5.065165E3 1.7678
4.659004E3 1.8697
4.319208E3 1.9681
3.899389E3 2.1125
3.666541E3 2.2069
3.456739E3 2.3031
3.269535E3 2.3996
3.101313E3 2.4967
2.950475E3 2.5940
2.814503E3 2.6914
2.691106E3 2.7890
2.577623E3 2.8877
2.474894E3 2.9859
2.381052E3 3.0840
2.295353E3 3.1816
2.215282E3 3.2805
2.141832E3 3.3788
2.074025E3 3.4768
2.010518E3 3.5757
1.951527E3 3.6740
1.896358E3 3.7728
1.845091E3 3.8712
1.796871E3 3.9697
1.751518E3 4.0679
1.708909E3 4.1664
1.630614E3 4.3634
1.560475E3 4.5610
1.440060E3 4.9565
1.215109E3 5.9712
1.066160E3 6.9604
9.572494E2 7.9506
8.738139E2 8.9410
8.074488E2 9.9308
7.522900E2 10.9373
7.068226E2 11.9295
6.680869E2 12.9213
6.344771E2 13.9140
6.049871E2 14.9063
5.764413E2 15.9949
5.529344E2 17.0003
5.318376E2 17.9993
5.126722E2 18.9969
4.951289E2 19.9953
4.789756E2 20.9937
4.640573E2 21.9915
4.502029E2 22.9893
4.372954E2 23.9887
4.251955E2 24.9891
4.138726E2 25.9886
4.032314E2 26.9852
3.932057E2 27.9823
3.050818E2 40.0101
3.042336E2 40.1659
2.511301E2 52.1033
2.215353E2 61.5113
1.977312E2 71.3039
1.792854E2 80.8147
1.660495E2 89.0172
1.524240E2 99.0104
1.413350E2 108.6157
1.313215E2 118.7268
1.231788E2 128.1725
1.149863E2 139.0518
1.079948E2 149.6533
1.031138E2 157.9206
9.691161E1 169.6638
9.481481E1 173.9866
8.913755E1 186.7548
8.529369E1 196.4157
8.283406E1 203.0867
7.952955E1 212.7590
7.701655E1 220.7137
7.322058E1 233.8329
7.074431E1 243.2377
6.757989E1 256.3700
6.442026E1 270.9613
6.252973E1 280.5083
6.061230E1 290.9008
5.887452E1 301.0300
5.730098E1 310.8334
}
