breaktable(CX_LS_X106575) {
# Thermometre :	CX_LS_X106575
# Environment :	VA
# Date :	14/10/2015
# Function :	 logT = Sum ( Ai / logR^i )
# Coefficients :	
# A0=	-136.763186909239740E3
# A1=	4.191056478403075E6
# A2=	-57.047068105828829E6
# A3=	452.661809999411400E6
# A4=	-2.307401545248609E9
# A5=	7.835361597694959E9
# A6=	-17.724217639264851E9
# A7=	25.753755286152237E9
# A8=	-21.810766306796562E9
# A9=	8.202552153454533E9
# Rmes(Ohm) Tmes(K)
1.139895E4 1.6675
1.040255E4 1.7674
9.509152E3 1.8697
8.746170E3 1.9682
7.792310E3 2.1124
7.257741E3 2.2068
6.778592E3 2.3025
6.352584E3 2.3996
5.973647E3 2.4965
5.634227E3 2.5940
5.327692E3 2.6915
5.054473E3 2.7890
4.804848E3 2.8876
4.579455E3 2.9859
4.374765E3 3.0840
4.189370E3 3.1816
4.017470E3 3.2805
3.861020E3 3.3788
3.717200E3 3.4768
3.583627E3 3.5755
3.459857E3 3.6740
3.344674E3 3.7728
3.238162E3 3.8712
3.138995E3 3.9697
3.046016E3 4.0678
2.959009E3 4.1664
2.800316E3 4.3634
2.659227E3 4.5610
2.420114E3 4.9566
1.983407E3 5.9711
1.702467E3 6.9604
1.501685E3 7.9506
1.350081E3 8.9409
1.231722E3 9.9309
1.134553E3 10.9373
1.055354E3 11.9294
9.884086E2 12.9214
9.309353E2 13.9140
8.809189E2 14.9063
8.328916E2 15.9941
7.936218E2 17.0001
7.586339E2 17.9989
7.270361E2 18.9968
6.982943E2 19.9952
6.719786E2 20.9935
6.478094E2 21.9909
6.254819E2 22.9885
6.047955E2 23.9871
5.854636E2 24.9886
5.674835E2 25.9876
5.506647E2 26.9838
5.348884E2 27.9804
3.994517E2 39.9889
3.981747E2 40.1424
3.195328E2 52.0719
2.767243E2 61.4930
2.430245E2 71.2820
2.173594E2 80.7834
1.991957E2 88.9713
1.807084E2 98.9730
1.658659E2 108.5754
1.526198E2 118.6844
1.419936E2 128.1062
1.313485E2 139.0164
1.223830E2 149.6229
1.161838E2 157.8849
1.083562E2 169.6329
1.057314E2 173.9544
9.864611E1 186.7322
9.389317E1 196.3918
9.086804E1 203.0638
8.682038E1 212.7455
8.378016E1 220.6464
7.916302E1 233.8252
7.617370E1 243.2575
7.239012E1 256.3794
6.862850E1 270.9823
6.638749E1 280.5488
6.412695E1 290.9417
6.209155E1 301.0531
6.024217E1 310.9082
}
