breaktable(CX_LS_X106580) {
# Thermometre :	CX_LS_X106580
# Environment :	VA
# Date :	14/10/2015
# Function :	 logT = Sum ( Ai / logR^i )
# Coefficients :	
# A0=	-126.184406542277150E3
# A1=	3.887989956923277E6
# A2=	-53.138278308591112E6
# A3=	422.753394480543320E6
# A4=	-2.157224738320585E9
# A5=	7.320770693473050E9
# A6=	-16.519466333284838E9
# A7=	23.896617556425842E9
# A8=	-20.104302544687729E9
# A9=	7.492925221769745E9
# Rmes(Ohm) Tmes(K)
1.639580E4 1.6676
1.503033E4 1.7674
1.375758E4 1.8697
1.264109E4 1.9682
1.121912E4 2.1124
1.041506E4 2.2068
9.690880E3 2.3025
9.036906E3 2.3996
8.460101E3 2.4965
7.940403E3 2.5940
7.480185E3 2.6915
7.065376E3 2.7890
6.689781E3 2.8876
6.352248E3 2.9859
6.044881E3 3.0840
5.767833E3 3.1816
5.512534E3 3.2805
5.280219E3 3.3788
5.067265E3 3.4768
4.870600E3 3.5755
4.688788E3 3.6740
4.520435E3 3.7728
4.364627E3 3.8712
4.220238E3 3.9697
4.085174E3 4.0679
3.959228E3 4.1664
3.730270E3 4.3634
3.527878E3 4.5610
3.186920E3 4.9566
2.572693E3 5.9711
2.183612E3 6.9604
1.908806E3 7.9506
1.703414E3 8.9409
1.544559E3 9.9309
1.414822E3 10.9373
1.309897E3 11.9294
1.221656E3 12.9213
1.146190E3 13.9140
1.080846E3 14.9063
1.018393E3 15.9942
9.674736E2 17.0001
9.223047E2 17.9990
8.816379E2 18.9968
8.447520E2 19.9952
8.110797E2 20.9935
7.802356E2 21.9910
7.518205E2 22.9885
7.255554E2 23.9872
7.010717E2 24.9886
6.783491E2 25.9877
6.571423E2 26.9839
6.372866E2 27.9805
4.686040E2 39.9906
4.670298E2 40.1443
3.707236E2 52.0744
3.188799E2 61.4943
2.783757E2 71.2838
2.477342E2 80.7859
2.261624E2 88.9750
2.043163E2 98.9760
1.868664E2 108.5786
1.713663E2 118.6878
1.589795E2 128.1116
1.466235E2 139.0190
1.362511E2 149.6254
1.291014E2 157.8876
1.200991E2 169.6354
1.170864E2 173.9568
1.089755E2 186.7340
1.035487E2 196.3938
1.001009E2 203.0655
9.549629E1 212.7465
9.204179E1 220.6518
8.681133E1 233.8258
8.343125E1 243.2559
7.916013E1 256.3786
7.492408E1 270.9806
7.240525E1 280.5455
6.986796E1 290.9384
6.758579E1 301.0512
6.551636E1 310.9021
}
