breaktable(CX_LS_X106641) {
# Thermometre :	CX_LS_X106641
# Environment :	VA
# Date :	14/10/2015
# Function :	 logT = Sum ( Ai / logR^i )
# Coefficients :	
# A0=	-435.810120340727680E3
# A1=	14.007469342038637E6
# A2=	-199.944047697691200E6
# A3=	1.663528325575603E9
# A4=	-8.890204889036118E9
# A5=	31.647415932965801E9
# A6=	-75.041524423554153E9
# A7=	114.288029306026280E9
# A8=	-101.445276385298950E9
# A9=	39.984373855043198E9
# Rmes(Ohm) Tmes(K)
1.654026E4 1.6684
1.517822E4 1.7677
1.388063E4 1.8697
1.274459E4 1.9681
1.130241E4 2.1125
1.048645E4 2.2069
9.741914E3 2.3029
9.092286E3 2.3996
8.506744E3 2.4966
7.981221E3 2.5940
7.514819E3 2.6915
7.095661E3 2.7890
6.716187E3 2.8876
6.375477E3 2.9859
6.066068E3 3.0840
5.786532E3 3.1816
5.528440E3 3.2805
5.294046E3 3.3788
5.080154E3 3.4768
4.881007E3 3.5756
4.698181E3 3.6740
4.528288E3 3.7728
4.371763E3 3.8712
4.225931E3 3.9697
4.090384E3 4.0679
3.963564E3 4.1664
3.733273E3 4.3634
3.529395E3 4.5610
3.186524E3 4.9565
2.569477E3 5.9711
2.178806E3 6.9604
1.903395E3 7.9506
1.697931E3 8.9410
1.538523E3 9.9308
1.408743E3 10.9373
1.303738E3 11.9294
1.215497E3 12.9213
1.140083E3 13.9140
1.074804E3 14.9063
1.012469E3 15.9946
9.615968E2 17.0002
9.164933E2 17.9992
8.759200E2 18.9969
8.391197E2 19.9953
8.055326E2 20.9936
7.747762E2 21.9913
7.464424E2 22.9890
7.202543E2 23.9881
6.958665E2 24.9889
6.732229E2 25.9882
6.520900E2 26.9847
6.323100E2 27.9816
4.643336E2 40.0022
4.627709E2 40.1570
3.670593E2 52.0916
3.156539E2 61.5043
2.754640E2 71.2956
2.450688E2 80.8031
2.236825E2 89.0001
2.020524E2 98.9965
1.847724E2 108.6004
1.694257E2 118.7107
1.571474E2 128.1474
1.449451E2 139.0384
1.346867E2 149.6418
1.276152E2 157.9073
1.187185E2 169.6521
1.157384E2 173.9744
1.077266E2 186.7463
1.023644E2 196.4066
9.895862E1 203.0781
9.441309E1 212.7540
9.098882E1 220.6882
8.583756E1 233.8300
8.250651E1 243.2452
7.828803E1 256.3735
7.410973E1 270.9691
7.162693E1 280.5236
6.912435E1 290.9163
6.687056E1 301.0387
6.483489E1 310.8612
}
