breaktable(CX_LS_X107493) {
# Thermometre :	CX_LS_X107493
# Environment :	VA
# Date :	14/10/2015
# Function :	 logT = Sum ( Ai / logR^i )
# Coefficients :	
# A0=	125.898258513516570E3
# A1=	-3.858744043551980E6
# A2=	52.449698807777129E6
# A3=	-415.021138975518940E6
# A4=	2.107047714465020E9
# A5=	-7.118540378156327E9
# A6=	16.004987378143898E9
# A7=	-23.094244883730751E9
# A8=	19.407304729381290E9
# A9=	-7.237091786508394E9
# Rmes(Ohm) Tmes(K)
6.651897E3 1.6700
6.091167E3 1.7682
5.588870E3 1.8697
5.169310E3 1.9680
4.647871E3 2.1126
4.361028E3 2.2070
4.098197E3 2.3037
3.867988E3 2.3995
3.659281E3 2.4968
3.473778E3 2.5939
3.305656E3 2.6914
3.154566E3 2.7890
3.015442E3 2.8877
2.890782E3 2.9859
2.775205E3 3.0840
2.670653E3 3.1816
2.573034E3 3.2805
2.483617E3 3.3789
2.401498E3 3.4767
2.323875E3 3.5759
2.252810E3 3.6741
2.186118E3 3.7728
2.123932E3 3.8711
2.065766E3 3.9696
2.011339E3 4.0679
1.959928E3 4.1664
1.865860E3 4.3634
1.781657E3 4.5610
1.637480E3 4.9565
1.369591E3 5.9712
1.193321E3 6.9604
1.065021E3 7.9506
9.671629E2 8.9410
8.896370E2 9.9307
8.253269E2 10.9373
7.725509E2 11.9295
7.275895E2 12.9212
6.887060E2 13.9141
6.546861E2 14.9064
6.217632E2 15.9956
5.948090E2 17.0005
5.706165E2 17.9997
5.487013E2 18.9970
5.286738E2 19.9955
5.102742E2 20.9939
4.933077E2 21.9921
4.775850E2 22.9901
4.629667E2 23.9900
4.492981E2 24.9896
4.365250E2 25.9894
4.245403E2 26.9865
4.132719E2 27.9840
3.151745E2 40.0287
3.142430E2 40.1861
2.562811E2 52.1310
2.244463E2 61.5273
1.990303E2 71.3228
1.794881E2 80.8422
1.655587E2 89.0572
1.513232E2 99.0433
1.398044E2 108.6508
1.294565E2 118.7638
1.210641E2 128.2303
1.127013E2 139.0826
1.055785E2 149.6797
1.006228E2 157.9520
9.435049E1 169.6908
9.223266E1 174.0148
8.652347E1 186.7745
8.266865E1 196.4364
8.020722E1 203.1068
7.690972E1 212.7710
7.439302E1 220.7725
7.063417E1 233.8397
6.818497E1 243.2203
6.505223E1 256.3618
6.193693E1 270.9429
6.007852E1 280.4733
5.819457E1 290.8652
5.648689E1 301.0099
5.495142E1 310.7683
}
