breaktable(CX_LS_X107475) {
# Thermometre :	CX_LS_X107475
# Environment :	VA
# Date :	14/10/2015
# Function :	 logT = Sum ( Ai / logR^i )
# Coefficients :	
# A0=	-211.981458689582360E3
# A1=	6.186242008842018E6
# A2=	-80.184925231752709E6
# A3=	605.869412506144520E6
# A4=	-2.940837938288561E9
# A5=	9.509394050322582E9
# A6=	-20.484025975848785E9
# A7=	28.343695401997040E9
# A8=	-22.859763260610493E9
# A9=	8.187577684615005E9
# Rmes(Ohm) Tmes(K)
5.472856E3 1.6696
5.023784E3 1.7681
4.622827E3 1.8697
4.288320E3 1.9680
3.873786E3 2.1125
3.643479E3 2.2069
3.434732E3 2.3035
3.250361E3 2.3996
3.083948E3 2.4967
2.934573E3 2.5940
2.799705E3 2.6914
2.677216E3 2.7890
2.565240E3 2.8877
2.463194E3 2.9859
2.370575E3 3.0840
2.285317E3 3.1816
2.206222E3 3.2805
2.133345E3 3.3788
2.066073E3 3.4767
2.002987E3 3.5758
1.944671E3 3.6740
1.889877E3 3.7728
1.838859E3 3.8711
1.791156E3 3.9696
1.746133E3 4.0679
1.703918E3 4.1664
1.626130E3 4.3634
1.556462E3 4.5610
1.436853E3 4.9565
1.213303E3 5.9712
1.065188E3 6.9604
9.568262E2 7.9506
8.737001E2 8.9410
8.076104E2 9.9307
7.526840E2 10.9373
7.073557E2 11.9295
6.687421E2 12.9213
6.352274E2 13.9140
6.058193E2 14.9064
5.772974E2 15.9954
5.538766E2 17.0004
5.328184E2 17.9995
5.136909E2 18.9970
4.961736E2 19.9955
4.800469E2 20.9939
4.651437E2 21.9919
4.513033E2 22.9898
4.384093E2 23.9896
4.263231E2 24.9895
4.150072E2 25.9891
4.043706E2 26.9861
3.943479E2 27.9835
3.061556E2 40.0224
3.053074E2 40.1793
2.521570E2 52.1215
2.225523E2 61.5219
1.987009E2 71.3166
1.802082E2 80.8331
1.669359E2 89.0438
1.532807E2 99.0322
1.421637E2 108.6391
1.321206E2 118.7514
1.239394E2 128.2111
1.157343E2 139.0721
1.087182E2 149.6709
1.038180E2 157.9415
9.759257E1 169.6818
9.548558E1 174.0052
8.978647E1 186.7679
8.592542E1 196.4293
8.345438E1 203.1001
8.013560E1 212.7669
7.760146E1 220.7524
7.379571E1 233.8374
7.130994E1 243.2262
6.812606E1 256.3645
6.494930E1 270.9490
6.304946E1 280.4850
6.112030E1 290.8774
5.936942E1 301.0166
5.778963E1 310.7900
}
