breaktable(CX_LS_X107606) {
# Thermometre :	CX_LS_X107606
# Environment :	VA
# Date :	25/02/2016
# Function :	 logT = Sum ( Ai / logR^i )
# Coefficients :	
# A0=	-336.466224751299600E3
# A1=	10.093789759345133E6
# A2=	-134.448002320317980E6
# A3=	1.043595001003573E9
# A4=	-5.202092588723192E9
# A5=	17.269578044369358E9
# A6=	-38.180266828391228E9
# A7=	54.206651592809059E9
# A8=	-44.845908946397934E9
# A9=	16.472099066423817E9
# Rmes(Ohm) Tmes(K)
8.279758E3 1.5966
7.763127E3 1.6650
7.065486E3 1.7685
6.486798E3 1.8671
5.982814E3 1.9663
5.363357E3 2.1090
5.021126E3 2.2021
4.708813E3 2.2995
4.437807E3 2.3955
4.189728E3 2.4919
3.970507E3 2.5892
3.770642E3 2.6874
3.585863E3 2.7868
3.421755E3 2.8856
3.274717E3 2.9837
3.139198E3 3.0823
3.016363E3 3.1801
2.902716E3 3.2784
2.798540E3 3.3766
2.702420E3 3.4745
2.613049E3 3.5730
2.530256E3 3.6709
2.452827E3 3.7693
2.381234E3 3.8667
2.381151E3 3.8671
2.313681E3 3.9653
2.250774E3 4.0629
2.191554E3 4.1608
1.985693E3 4.5552
1.985004E3 4.5568
1.819201E3 4.9519
1.512243E3 5.9683
1.312017E3 6.9574
1.167003E3 7.9477
1.056672E3 8.9382
9.696472E2 9.9282
8.977314E2 10.9345
8.384065E2 11.9340
7.883860E2 12.9233
7.454121E2 13.9116
7.077248E2 14.9021
6.711932E2 15.9940
6.413549E2 16.9990
6.147359E2 17.9951
5.906073E2 18.9887
5.685848E2 19.9856
5.482849E2 20.9853
5.294931E2 21.9906
5.122287E2 22.9877
4.962021E2 23.9848
4.811988E2 24.9876
4.672174E2 25.9851
4.541091E2 26.9830
4.417845E2 27.9797
4.301358E2 28.9788
4.202324E2 29.8727
3.687312E2 35.3991
3.350258E2 40.0084
2.735536E2 51.5616
2.393091E2 60.7464
2.118440E2 70.3710
1.906145E2 79.7910
1.752176E2 88.0923
1.607202E2 97.3905
1.482272E2 106.8802
1.372038E2 116.6892
1.274837E2 126.7509
1.193994E2 136.3581
1.116685E2 146.8325
1.064397E2 154.7826
9.935814E1 166.8847
9.760311E1 170.1643
9.177885E1 181.9453
8.731583E1 192.0604
8.473057E1 198.4284
8.111075E1 208.0494
7.854924E1 215.4119
7.478385E1 227.2221
7.208179E1 236.5178
6.871792E1 249.2049
6.355647E1 271.5816
6.227055E1 277.8231
6.006494E1 289.2321
5.977493E1 290.7985
5.636060E1 310.7490
}
