breaktable(CX_LS_X107570) {
# Thermometre :	CX_LS_X107570
# Environment :	VA
# Date :	25/02/2016
# Function :	 logT = Sum ( Ai / logR^i )
# Coefficients :	
# A0=	-271.379380094372090E3
# A1=	8.280502395843540E6
# A2=	-112.203952698780480E6
# A3=	886.167458238375900E6
# A4=	-4.495369783482308E9
# A5=	15.189429536587900E9
# A6=	-34.185001516006443E9
# A7=	49.413613148851974E9
# A8=	-41.626601201777092E9
# A9=	15.570563066498209E9
# Rmes(Ohm) Tmes(K)
9.775416E3 1.5949
9.148298E3 1.6653
8.319774E3 1.7685
7.625973E3 1.8672
7.016170E3 1.9663
6.277260E3 2.1091
5.864060E3 2.2020
5.485028E3 2.2997
5.156062E3 2.3955
4.860886E3 2.4919
4.595074E3 2.5895
4.353760E3 2.6871
4.136603E3 2.7867
3.940773E3 2.8856
3.763552E3 2.9837
3.602560E3 3.0823
3.456821E3 3.1800
3.321853E3 3.2785
3.198489E3 3.3766
3.084805E3 3.4745
2.979079E3 3.5730
2.881268E3 3.6709
2.790272E3 3.7694
2.705891E3 3.8667
2.705928E3 3.8671
2.626486E3 3.9654
2.552784E3 4.0629
2.483214E3 4.1608
2.242277E3 4.5552
2.241465E3 4.5568
2.048470E3 4.9519
1.692425E3 5.9684
1.461817E3 6.9574
1.295593E3 7.9477
1.169646E3 8.9381
1.070608E3 9.9280
9.890129E2 10.9344
9.222223E2 11.9261
8.653020E2 12.9243
8.169678E2 13.9116
7.745243E2 14.9020
7.335206E2 15.9929
7.000604E2 16.9986
6.701823E2 17.9963
6.432897E2 18.9882
6.186589E2 19.9850
5.960208E2 20.9841
5.750761E2 21.9898
5.558668E2 22.9864
5.380576E2 23.9823
5.213518E2 24.9868
5.058427E2 25.9834
4.913151E2 26.9804
4.776641E2 27.9765
4.647398E2 28.9766
4.537670E2 29.8801
3.970131E2 35.3856
3.598656E2 39.9972
2.924367E2 51.5514
2.550654E2 60.7300
2.251634E2 70.3528
2.021832E2 79.7360
1.854858E2 88.0442
1.697818E2 97.3542
1.562920E2 106.8371
1.444086E2 116.6489
1.339483E2 126.7137
1.252753E2 136.3074
1.169678E2 146.7984
1.113684E2 154.7456
1.037895E2 166.8530
1.019125E2 170.1386
9.570041E1 181.9058
9.093259E1 192.0336
8.817481E1 198.4102
8.430592E1 208.0634
8.159210E1 215.3970
7.758347E1 227.2203
7.469998E1 236.5531
7.113456E1 249.2258
6.566601E1 271.5852
6.430414E1 277.8212
6.194427E1 289.3420
6.164409E1 290.8726
5.802517E1 310.8625
}
