breaktable(CX_LS_X106595) {
# Thermometre :	CX_LS_X106595
# Environment :	VA
# Date :	14/10/2015
# Function :	 logT = Sum ( Ai / logR^i )
# Coefficients :	
# A0=	-316.561779810032520E3
# A1=	9.816018095258174E6
# A2=	-135.169692425005970E6
# A3=	1.084867316141435E9
# A4=	-5.592606690611068E9
# A5=	19.203378035882679E9
# A6=	-43.919668143598183E9
# A7=	64.514565464989761E9
# A8=	-55.229432530224586E9
# A9=	20.993909730346062E9
# Rmes(Ohm) Tmes(K)
1.154499E4 1.6682
1.056339E4 1.7676
9.655625E3 1.8697
8.879618E3 1.9682
7.912707E3 2.1125
7.372891E3 2.2069
6.880035E3 2.3028
6.449179E3 2.3996
6.063500E3 2.4966
5.716741E3 2.5940
5.407247E3 2.6915
5.129157E3 2.7890
4.874983E3 2.8876
4.645545E3 2.9859
4.438659E3 3.0840
4.249971E3 3.1816
4.075601E3 3.2805
3.916112E3 3.3788
3.770119E3 3.4768
3.634174E3 3.5756
3.508422E3 3.6740
3.391584E3 3.7728
3.283137E3 3.8712
3.182356E3 3.9697
3.088199E3 4.0679
2.999730E3 4.1664
2.838534E3 4.3634
2.695281E3 4.5610
2.452303E3 4.9565
2.009199E3 5.9711
1.724110E3 6.9604
1.520047E3 7.9506
1.366693E3 8.9410
1.246466E3 9.9309
1.147918E3 10.9373
1.067629E3 11.9294
9.997893E2 12.9213
9.415268E2 13.9140
8.908524E2 14.9063
8.422004E2 15.9945
8.023835E2 17.0002
7.669263E2 17.9991
7.349285E2 18.9969
7.058075E2 19.9953
6.791481E2 20.9936
6.546634E2 21.9912
6.320478E2 22.9889
6.110932E2 23.9879
5.915246E2 24.9889
5.733164E2 25.9881
5.562852E2 26.9845
5.403073E2 27.9813
4.031511E2 39.9995
4.018596E2 40.1543
3.223114E2 52.0876
2.790805E2 61.5021
2.450143E2 71.2929
2.190676E2 80.7990
2.007049E2 88.9942
1.820289E2 98.9917
1.670319E2 108.5955
1.536555E2 118.7056
1.429149E2 128.1394
1.321900E2 139.0341
1.231423E2 149.6381
1.168872E2 157.9029
1.089913E2 169.6484
1.063413E2 173.9705
9.919669E1 186.7435
9.440230E1 196.4037
9.135089E1 203.0752
8.726959E1 212.7522
8.419290E1 220.6800
7.954726E1 233.8290
7.653672E1 243.2476
7.271818E1 256.3747
6.892535E1 270.9718
6.666687E1 280.5285
6.438682E1 290.9213
6.233119E1 301.0415
6.047046E1 310.8708
}
