breaktable(CX_LS_X107592) {
# Thermometre :	CX_LS_X107592
# Environment :	VA
# Date :	25/02/2016
# Function :	 logT = Sum ( Ai / logR^i )
# Coefficients :	
# A0=	-144.565474968020920E3
# A1=	4.184856223191756E6
# A2=	-53.745605800679713E6
# A3=	401.897071100170250E6
# A4=	-1.928232287950651E9
# A5=	6.155117674027147E9
# A6=	-13.071048083488295E9
# A7=	17.805337037087784E9
# A8=	-14.116225416452244E9
# A9=	4.962189748014079E9
# Rmes(Ohm) Tmes(K)
7.429163E3 1.5961
6.964495E3 1.6651
6.345590E3 1.7685
5.833318E3 1.8671
5.387241E3 1.9663
4.841699E3 2.1090
4.539442E3 2.2021
4.262922E3 2.2995
4.020952E3 2.3955
3.803621E3 2.4919
3.605719E3 2.5893
3.430923E3 2.6873
3.265684E3 2.7868
3.120848E3 2.8856
2.989646E3 2.9837
2.868364E3 3.0823
2.758324E3 3.1801
2.657194E3 3.2784
2.563492E3 3.3766
2.477541E3 3.4745
2.397280E3 3.5730
2.322859E3 3.6709
2.253409E3 3.7693
2.188989E3 3.8667
2.188851E3 3.8671
2.128272E3 3.9654
2.071512E3 4.0629
2.018186E3 4.1608
1.832287E3 4.5552
1.831555E3 4.5568
1.681826E3 4.9519
1.403030E3 5.9683
1.220542E3 6.9574
1.087948E3 7.9477
9.868338E2 8.9381
9.069151E2 9.9281
8.407416E2 10.9344
7.861768E2 11.9317
7.398958E2 12.9236
7.001893E2 13.9116
6.653598E2 14.9021
6.315511E2 15.9937
6.038883E2 16.9989
5.791750E2 17.9955
5.568245E2 18.9886
5.363406E2 19.9855
5.174718E2 20.9849
4.999893E2 21.9904
4.839202E2 22.9873
4.689947E2 23.9841
4.550067E2 24.9874
4.419709E2 25.9846
4.297437E2 26.9822
4.182409E2 27.9788
4.073564E2 28.9782
3.980867E2 29.8748
3.499458E2 35.3952
3.183409E2 40.0051
2.605812E2 51.5587
2.283314E2 60.7417
2.024098E2 70.3657
1.823574E2 79.7751
1.677796E2 88.0784
1.540348E2 97.3800
1.421786E2 106.8677
1.317025E2 116.6776
1.224532E2 126.7403
1.147568E2 136.3436
1.073841E2 146.8227
1.023974E2 154.7719
9.563751E1 166.8755
9.396112E1 170.1568
8.839842E1 181.9340
8.412965E1 192.0527
8.165616E1 198.4231
7.818888E1 208.0534
7.574001E1 215.4076
7.213242E1 227.2216
6.953980E1 236.5280
6.631641E1 249.2109
6.136622E1 271.5826
6.013211E1 277.8225
5.800757E1 289.2636
5.773095E1 290.8197
5.444872E1 310.7819
}
