breaktable(CX_LS_X106788) {
# Thermometre :	CX_LS_X106788
# Environment :	VA
# Date :	14/10/2015
# Function :	 logT = Sum ( Ai / logR^i )
# Coefficients :	
# A0=	-766.644264228990420E3
# A1=	22.603216592057861E6
# A2=	-295.913608184479240E6
# A3=	2.257741259633777E9
# A4=	-11.063526998762157E9
# A5=	36.109062065493912E9
# A6=	-78.494863570557693E9
# A7=	109.590810311082470E9
# A8=	-89.169699579635391E9
# A9=	32.216011343983192E9
# Rmes(Ohm) Tmes(K)
5.952239E3 1.6686
5.457715E3 1.7678
5.015223E3 1.8697
4.643062E3 1.9681
4.188695E3 2.1125
3.931126E3 2.2069
3.703939E3 2.3030
3.502661E3 2.3996
3.318869E3 2.4966
3.154759E3 2.5940
3.006015E3 2.6915
2.872868E3 2.7890
2.749817E3 2.8876
2.638218E3 2.9859
2.536869E3 3.0840
2.443905E3 3.1816
2.357417E3 3.2805
2.277937E3 3.3788
2.204724E3 3.4768
2.136132E3 3.5757
2.072565E3 3.6740
2.012988E3 3.7728
1.957569E3 3.8712
1.905637E3 3.9697
1.856972E3 4.0679
1.811117E3 4.1664
1.726902E3 4.3634
1.651470E3 4.5610
1.522161E3 4.9565
1.281233E3 5.9712
1.122223E3 6.9604
1.005915E3 7.9506
9.172057E2 8.9410
8.465509E2 9.9308
7.880921E2 10.9373
7.398532E2 11.9295
6.987872E2 12.9213
6.631791E2 13.9140
6.319721E2 14.9063
6.017743E2 15.9948
5.769114E2 17.0003
5.546284E2 17.9993
5.343892E2 18.9969
5.158729E2 19.9953
4.988324E2 20.9937
4.830987E2 21.9914
4.684942E2 22.9892
4.548976E2 23.9884
4.421477E2 24.9890
4.302271E2 25.9884
4.190265E2 26.9850
4.084797E2 27.9820
3.159399E2 40.0066
3.150514E2 40.1620
2.594370E2 52.0981
2.284902E2 61.5082
2.036424E2 71.3001
1.844123E2 80.8096
1.706263E2 89.0097
1.564454E2 99.0044
1.449208E2 108.6089
1.345252E2 118.7196
1.260829E2 128.1613
1.175871E2 139.0458
1.103448E2 149.6481
1.052917E2 157.9148
9.887310E1 169.6586
9.670468E1 173.9812
9.083354E1 186.7510
8.686100E1 196.4116
8.431952E1 203.0830
8.090580E1 212.7568
7.831315E1 220.7024
7.439135E1 233.8316
7.183416E1 243.2410
6.856923E1 256.3715
6.530858E1 270.9647
6.335747E1 280.5151
6.137933E1 290.9077
5.958706E1 301.0339
5.796284E1 310.8461
}
