breaktable(CX_LS_X106794) {
# Thermometre :	CX_LS_X106794
# Environment :	VA
# Date :	14/10/2015
# Function :	 logT = Sum ( Ai / logR^i )
# Coefficients :	
# A0=	220.404912671605150E3
# A1=	-6.579558976144706E6
# A2=	87.132392240538359E6
# A3=	-671.893699356214050E6
# A4=	3.324935490142582E9
# A5=	-10.950756654677189E9
# A6=	24.005063003337860E9
# A7=	-33.773999042402348E9
# A8=	27.675853945690567E9
# A9=	-10.064068556167408E9
# Rmes(Ohm) Tmes(K)
4.944425E3 1.6702
4.543573E3 1.7682
4.186378E3 1.8697
3.889160E3 1.9680
3.519767E3 2.1126
3.313028E3 2.2070
3.128664E3 2.3038
2.963419E3 2.3995
2.815055E3 2.4968
2.682081E3 2.5939
2.561371E3 2.6914
2.452472E3 2.7890
2.351590E3 2.8877
2.260169E3 2.9859
2.176756E3 3.0840
2.100440E3 3.1816
2.028894E3 3.2805
1.963261E3 3.3789
1.902743E3 3.4767
1.845780E3 3.5759
1.793191E3 3.6741
1.743688E3 3.7728
1.697560E3 3.8711
1.654312E3 3.9696
1.613655E3 4.0680
1.575402E3 4.1664
1.505044E3 4.3634
1.441685E3 4.5610
1.332997E3 4.9565
1.129166E3 5.9712
9.936412E2 6.9604
8.941313E2 7.9506
8.177182E2 8.9410
7.569489E2 9.9307
7.062557E2 10.9373
6.643981E2 11.9295
6.286636E2 12.9212
5.976305E2 13.9141
5.703715E2 14.9064
5.438977E2 15.9957
5.221784E2 17.0005
5.026045E2 17.9997
4.848265E2 18.9970
4.685294E2 19.9955
4.535143E2 20.9940
4.396334E2 21.9921
4.267325E2 22.9902
4.147064E2 23.9902
4.034328E2 24.9897
3.928706E2 25.9896
3.829354E2 26.9867
3.735686E2 27.9843
2.909361E2 40.0313
2.901395E2 40.1892
2.401845E2 52.1350
2.123122E2 61.5297
1.897956E2 71.3255
1.723061E2 80.8462
1.597358E2 89.0631
1.467944E2 99.0482
1.362476E2 108.6559
1.267134E2 118.7692
1.189330E2 128.2388
1.111400E2 139.0872
1.044623E2 149.6836
9.979470E1 157.9566
9.386176E1 169.6948
9.185164E1 174.0187
8.641570E1 186.7774
8.272906E1 196.4393
8.036891E1 203.1097
7.719865E1 212.7727
7.477059E1 220.7806
7.113702E1 233.8407
6.876135E1 243.2179
6.571288E1 256.3606
6.267145E1 270.9402
6.085237E1 280.4681
5.900367E1 290.8603
5.732413E1 301.0069
5.581212E1 310.7587
}
