breaktable(CX_LS_X107585) {
# Thermometre :	CX_LS_X107585
# Environment :	VA
# Date :	25/02/2016
# Function :	 logT = Sum ( Ai / logR^i )
# Coefficients :	
# A0=	254.479404279640180E3
# A1=	-7.807883927032662E6
# A2=	106.266753595090550E6
# A3=	-842.128472175805450E6
# A4=	4.282554729713948E9
# A5=	-14.494084731493956E9
# A6=	32.648602597781242E9
# A7=	-47.200907444109558E9
# A8=	39.743744396130119E9
# A9=	-14.850379003299656E9
# Rmes(Ohm) Tmes(K)
7.827661E3 1.5956
7.333453E3 1.6652
6.678491E3 1.7685
6.136194E3 1.8671
5.662201E3 1.9663
5.096161E3 2.1090
4.769769E3 2.2021
4.473518E3 2.2996
4.214721E3 2.3955
3.986547E3 2.4919
3.777486E3 2.5894
3.590014E3 2.6872
3.419438E3 2.7868
3.264826E3 2.8856
3.127370E3 2.9837
2.998268E3 3.0823
2.882222E3 3.1801
2.775850E3 3.2785
2.677068E3 3.3766
2.586585E3 3.4745
2.502361E3 3.5730
2.424029E3 3.6709
2.350806E3 3.7693
2.283000E3 3.8667
2.283095E3 3.8671
2.219121E3 3.9654
2.159675E3 4.0629
2.103716E3 4.1608
1.908341E3 4.5552
1.907722E3 4.5568
1.750478E3 4.9519
1.458333E3 5.9683
1.267386E3 6.9574
1.128805E3 7.9477
1.023209E3 8.9381
9.398181E2 9.9281
8.708146E2 10.9344
8.140404E2 11.9295
7.657416E2 12.9239
7.243993E2 13.9116
6.881378E2 14.9021
6.529746E2 15.9934
6.242188E2 16.9988
5.985123E2 17.9958
5.753149E2 18.9884
5.539932E2 19.9853
5.344347E2 20.9846
5.162714E2 21.9901
4.995938E2 22.9870
4.841080E2 23.9834
4.695858E2 24.9872
4.560654E2 25.9842
4.433877E2 26.9815
4.314620E2 27.9778
4.201725E2 28.9776
4.105650E2 29.8770
3.607184E2 35.3913
3.279904E2 40.0019
2.682510E2 51.5557
2.349407E2 60.7370
2.081899E2 70.3605
1.875320E2 79.7594
1.725061E2 88.0646
1.583431E2 97.3696
1.461395E2 106.8552
1.353661E2 116.6659
1.258639E2 126.7294
1.179651E2 136.3288
1.103957E2 146.8128
1.052819E2 154.7612
9.835170E1 166.8663
9.663388E1 170.1495
9.093795E1 181.9225
8.656505E1 192.0449
8.403290E1 198.4179
8.048142E1 208.0575
7.797962E1 215.4033
7.428943E1 227.2211
7.163622E1 236.5382
6.834423E1 249.2170
6.329108E1 271.5836
6.203212E1 277.8220
5.985910E1 289.2956
5.957850E1 290.8409
5.623076E1 310.8142
}
