breaktable(CX_LS_X107492) {
# Thermometre :	CX_LS_X107492
# Environment :	VA
# Date :	14/10/2015
# Function :	 logT = Sum ( Ai / logR^i )
# Coefficients :	
# A0=	-165.850393361590950E3
# A1=	5.032857940162312E6
# A2=	-67.870114631423354E6
# A3=	533.808855411286890E6
# A4=	-2.698458366962175E9
# A5=	9.091732832921480E9
# A6=	-20.415684706863838E9
# A7=	29.461837161434750E9
# A8=	-24.792707053377369E9
# A9=	9.269254751731831E9
# Rmes(Ohm) Tmes(K)
8.210698E3 1.6700
7.508124E3 1.7682
6.873332E3 1.8697
6.341367E3 1.9680
5.679875E3 2.1126
5.313051E3 2.2070
4.981822E3 2.3037
4.690626E3 2.3995
4.426666E3 2.4968
4.192902E3 2.5939
3.983093E3 2.6914
3.792863E3 2.7890
3.617848E3 2.8877
3.460513E3 2.9859
3.317665E3 3.0840
3.187439E3 3.1816
3.066022E3 3.2805
2.955026E3 3.3789
2.853029E3 3.4767
2.757432E3 3.5759
2.669313E3 3.6741
2.587021E3 3.7728
2.510442E3 3.8711
2.438877E3 3.9696
2.371755E3 4.0679
2.308710E3 4.1664
2.193558E3 4.3634
2.090761E3 4.5610
1.915024E3 4.9565
1.590537E3 5.9712
1.378996E3 6.9604
1.225765E3 7.9506
1.109022E3 8.9410
1.017169E3 9.9307
9.414292E2 10.9373
8.791903E2 11.9295
8.264488E2 12.9212
7.808940E2 13.9141
7.410918E2 14.9064
7.026694E2 15.9956
6.712514E2 17.0005
6.431252E2 17.9996
6.176664E2 18.9970
5.944354E2 19.9955
5.731214E2 20.9939
5.534932E2 21.9920
5.353254E2 22.9901
5.184543E2 23.9900
5.026933E2 24.9896
4.879810E2 25.9894
4.741943E2 26.9864
4.612396E2 27.9840
3.490173E2 40.0278
3.479537E2 40.1853
2.821420E2 52.1297
2.461686E2 61.5267
2.175509E2 71.3219
1.956117E2 80.8409
1.800093E2 89.0556
1.640988E2 99.0418
1.512569E2 108.6491
1.397492E2 118.7620
1.304361E2 128.2276
1.211705E2 139.0812
1.132910E2 149.6785
1.078164E2 157.9505
1.008971E2 169.6896
9.856341E1 174.0134
9.227787E1 186.7736
8.803897E1 196.4354
8.533464E1 203.1058
8.171423E1 212.7704
7.895374E1 220.7697
7.483324E1 233.8394
7.215074E1 243.2211
6.872245E1 256.3622
6.531614E1 270.9438
6.328554E1 280.4747
6.122826E1 290.8669
5.936414E1 301.0108
5.768899E1 310.7713
}
