breaktable(CX_LS_X105677) {
# Thermometre :	CX_LS_X105677
# Environment :	VA
# Date :	25/02/2016
# Function :	 logT = Sum ( Ai / logR^i )
# Coefficients :	
# A0=	-590.465390902220160E3
# A1=	19.425664247530140E6
# A2=	-283.800614687751950E6
# A3=	2.416546409427195E9
# A4=	-13.216297510000872E9
# A5=	48.144184130321281E9
# A6=	-116.812837643190310E9
# A7=	182.033003998076660E9
# A8=	-165.317974827871090E9
# A9=	66.664873037877930E9
# Rmes(Ohm) Tmes(K)
2.258167E4 1.5983
2.144059E4 1.6648
1.969932E4 1.7685
1.812390E4 1.8671
1.665253E4 1.9663
1.477680E4 2.1089
1.369278E4 2.2022
1.270286E4 2.2993
1.180738E4 2.3955
1.101267E4 2.4919
1.031121E4 2.5890
9.664262E3 2.6877
9.097227E3 2.7870
8.576174E3 2.8855
8.118436E3 2.9837
7.701772E3 3.0823
7.325384E3 3.1802
6.984111E3 3.2783
6.670088E3 3.3767
6.385187E3 3.4745
6.121214E3 3.5729
5.880295E3 3.6709
5.656805E3 3.7692
5.450535E3 3.8668
5.450521E3 3.8671
5.259045E3 3.9653
5.081167E3 4.0630
4.915366E3 4.1608
4.348255E3 4.5552
4.346028E3 4.5568
3.901823E3 4.9519
3.108288E3 5.9682
2.613371E3 6.9574
2.267088E3 7.9477
2.011066E3 8.9383
1.813673E3 9.9283
1.653815E3 10.9346
1.523214E3 11.9422
1.416765E3 12.9223
1.325441E3 13.9116
1.246520E3 14.9022
1.170895E3 15.9951
1.109856E3 16.9993
1.055964E3 17.9939
1.007534E3 18.9892
9.636173E2 19.9862
9.235694E2 20.9864
8.867553E2 21.9915
8.531706E2 22.9891
8.222039E2 23.9873
7.934596E2 24.9884
7.667887E2 25.9868
7.419332E2 26.9855
7.187072E2 27.9830
6.968963E2 28.9810
6.787595E2 29.8653
5.836666E2 35.4127
5.231644E2 40.0197
4.155226E2 51.5719
3.571697E2 60.7629
3.113163E2 70.3896
2.763691E2 79.8464
2.514612E2 88.1409
2.283083E2 97.4271
2.085549E2 106.9237
1.913066E2 116.7301
1.762443E2 126.7889
1.638165E2 136.4096
1.520734E2 146.8671
1.441648E2 154.8200
1.335379E2 166.9167
1.309180E2 170.1904
1.222499E2 181.9857
1.156604E2 192.0877
1.118619E2 198.4468
1.065791E2 208.0353
1.028290E2 215.4270
9.736820E1 227.2240
9.347744E1 236.4826
8.862967E1 249.1838
8.124269E1 271.5779
7.941102E1 277.8250
7.630936E1 289.1201
7.589053E1 290.7234
7.107638E1 310.6351
}
