breaktable(CX_LS_X106954) {
# Thermometre :	CX_LS_X106954
# Environment :	VA
# Date :	14/10/2015
# Function :	 logT = Sum ( Ai / logR^i )
# Coefficients :	
# A0=	252.498146035667010E3
# A1=	-7.776486929145169E6
# A2=	106.227512492258470E6
# A3=	-844.805878243712420E6
# A4=	4.310955818716051E9
# A5=	-14.638936444073456E9
# A6=	33.081846465491589E9
# A7=	-47.977995440001678E9
# A8=	40.521806144444412E9
# A9=	-15.186182091250278E9
# Rmes(Ohm) Tmes(K)
7.093925E3 1.6691
6.491858E3 1.7679
5.950819E3 1.8697
5.499478E3 1.9681
4.936619E3 2.1125
4.630191E3 2.2069
4.344496E3 2.3033
4.096565E3 2.3996
3.873430E3 2.4967
3.673515E3 2.5940
3.493738E3 2.6914
3.331150E3 2.7890
3.182582E3 2.8877
3.047933E3 2.9859
2.925090E3 3.0840
2.813115E3 3.1816
2.709074E3 3.2805
2.613547E3 3.3788
2.525381E3 3.4767
2.443274E3 3.5757
2.367166E3 3.6740
2.296023E3 3.7728
2.230046E3 3.8712
2.167835E3 3.9697
2.109670E3 4.0679
2.055181E3 4.1664
1.955088E3 4.3634
1.865740E3 4.5610
1.712817E3 4.9565
1.429138E3 5.9712
1.243100E3 6.9604
1.107778E3 7.9506
1.004671E3 8.9410
9.234033E2 9.9308
8.559015E2 10.9373
8.004972E2 11.9295
7.534650E2 12.9213
7.127914E2 13.9140
6.771916E2 14.9064
6.427901E2 15.9951
6.146251E2 17.0003
5.893761E2 17.9994
5.665041E2 18.9969
5.456196E2 19.9954
5.264342E2 20.9938
5.087611E2 21.9917
4.923857E2 22.9895
4.771679E2 23.9890
4.629356E2 24.9893
4.496471E2 25.9888
4.371856E2 26.9855
4.254708E2 27.9827
3.237270E2 40.0145
3.227604E2 40.1707
2.627412E2 52.1098
2.297882E2 61.5151
2.035517E2 71.3083
1.834055E2 80.8213
1.690593E2 89.0268
1.543979E2 99.0183
1.425495E2 108.6238
1.319156E2 118.7357
1.233121E2 128.1864
1.147123E2 139.0589
1.074053E2 149.6594
1.023256E2 157.9282
9.589716E1 169.6701
9.372970E1 173.9932
8.788181E1 186.7595
8.393691E1 196.4205
8.141912E1 203.0915
7.804531E1 212.7619
7.548236E1 220.7274
7.163064E1 233.8345
6.912419E1 243.2336
6.592740E1 256.3680
6.274650E1 270.9569
6.084857E1 280.5001
5.892709E1 290.8926
5.718816E1 301.0252
5.561891E1 310.8178
}
