breaktable(CX_LS_X107478) {
# Thermometre :	CX_LS_X107478
# Environment :	VA
# Date :	14/10/2015
# Function :	 logT = Sum ( Ai / logR^i )
# Coefficients :	
# A0=	-12.643005309936163E3
# A1=	263.826700457765600E3
# A2=	-2.028038419592378E6
# A3=	4.576891989205691E6
# A4=	31.123703996671420E6
# A5=	-277.059433336782690E6
# A6=	985.593646124466060E6
# A7=	-1.914188302372277E9
# A8=	1.998067095057663E9
# A9=	-882.111572496764060E6
# Rmes(Ohm) Tmes(K)
6.408224E3 1.6698
5.877585E3 1.7681
5.401783E3 1.8697
5.003890E3 1.9680
4.510066E3 2.1126
4.232658E3 2.2069
3.986076E3 2.3036
3.766222E3 2.3996
3.568028E3 2.4968
3.390427E3 2.5940
3.229978E3 2.6914
3.085509E3 2.7890
2.951103E3 2.8877
2.830848E3 2.9859
2.721046E3 3.0840
2.619938E3 3.1816
2.526625E3 3.2805
2.440493E3 3.3788
2.361271E3 3.4767
2.286471E3 3.5758
2.217871E3 3.6741
2.153334E3 3.7728
2.093287E3 3.8711
2.037070E3 3.9696
1.984178E3 4.0679
1.934407E3 4.1664
1.843146E3 4.3634
1.761499E3 4.5610
1.621314E3 4.9565
1.360178E3 5.9712
1.187883E3 6.9604
1.061815E3 7.9506
9.655693E2 8.9410
8.892180E2 9.9307
8.257954E2 10.9373
7.736390E2 11.9295
7.291737E2 12.9213
6.906636E2 13.9140
6.569316E2 14.9064
6.242649E2 15.9955
5.974793E2 17.0005
5.734439E2 17.9996
5.516366E2 18.9970
5.316946E2 19.9955
5.133646E2 20.9939
4.964517E2 21.9920
4.807702E2 22.9900
4.661824E2 23.9898
4.525327E2 24.9895
4.397712E2 25.9893
4.277938E2 26.9863
4.165262E2 27.9837
3.182325E2 40.0251
3.172965E2 40.1822
2.589981E2 52.1257
2.268998E2 61.5243
2.012461E2 71.3193
1.814976E2 80.8369
1.674095E2 89.0497
1.529998E2 99.0370
1.413321E2 108.6440
1.308438E2 118.7569
1.223366E2 128.2196
1.138488E2 139.0766
1.066187E2 149.6746
1.015867E2 157.9461
9.521578E1 169.6856
9.306445E1 174.0093
8.726252E1 186.7707
8.334416E1 196.4324
8.084197E1 203.1030
7.748825E1 212.7687
7.493116E1 220.7611
7.110530E1 233.8384
6.861227E1 243.2237
6.542520E1 256.3633
6.225432E1 270.9463
6.036210E1 280.4798
5.844349E1 290.8721
5.670492E1 301.0136
5.514006E1 310.7809
}
