breaktable(CX_LS_X107477) {
# Thermometre :	CX_LS_X107477
# Environment :	VA
# Date :	14/10/2015
# Function :	 logT = Sum ( Ai / logR^i )
# Coefficients :	
# A0=	-130.034385303462840E3
# A1=	3.887454393657515E6
# A2=	-51.631661633155659E6
# A3=	399.835365394578100E6
# A4=	-1.989456765132734E9
# A5=	6.595529749015038E9
# A6=	-14.568283731279547E9
# A7=	20.672835369798000E9
# A8=	-17.100636190890169E9
# A9=	6.282495628023579E9
# Rmes(Ohm) Tmes(K)
7.488833E3 1.6697
6.853499E3 1.7681
6.282096E3 1.8697
5.802394E3 1.9680
5.209294E3 2.1126
4.879492E3 2.2069
4.581778E3 2.3036
4.317993E3 2.3996
4.081262E3 2.4968
3.869645E3 2.5940
3.679470E3 2.6914
3.506713E3 2.7890
3.349262E3 2.8877
3.206085E3 2.9859
3.076965E3 3.0840
2.958408E3 3.1816
2.848213E3 3.2805
2.746933E3 3.3788
2.654291E3 3.4767
2.566987E3 3.5758
2.486626E3 3.6740
2.411478E3 3.7728
2.341459E3 3.8711
2.276053E3 3.9696
2.214607E3 4.0679
2.157031E3 4.1664
2.051365E3 4.3634
1.956893E3 4.5610
1.795551E3 4.9565
1.496366E3 5.9712
1.300222E3 6.9604
1.158066E3 7.9506
1.049627E3 8.9410
9.639802E2 9.9307
8.931394E2 10.9373
8.349228E2 11.9295
7.855276E2 12.9213
7.428239E2 13.9140
7.054767E2 14.9064
6.694012E2 15.9954
6.398651E2 17.0005
6.133802E2 17.9996
5.894159E2 18.9970
5.675304E2 19.9955
5.474345E2 20.9939
5.289224E2 21.9919
5.117742E2 22.9899
4.958415E2 23.9897
4.809489E2 24.9895
4.670407E2 25.9892
4.540016E2 26.9862
4.417460E2 27.9836
3.353524E2 40.0243
3.343440E2 40.1814
2.717202E2 52.1245
2.374057E2 61.5236
2.100788E2 71.3184
1.891065E2 80.8356
1.741789E2 89.0479
1.589414E2 99.0355
1.466311E2 108.6423
1.355862E2 118.7552
1.266423E2 128.2169
1.177306E2 139.0752
1.101504E2 149.6734
1.048815E2 157.9447
9.821682E1 169.6844
9.596876E1 174.0080
8.990975E1 186.7699
8.582167E1 196.4314
8.321317E1 203.1021
7.971903E1 212.7681
7.705699E1 220.7583
7.307561E1 233.8381
7.048325E1 243.2245
6.717110E1 256.3637
6.387834E1 270.9472
6.191470E1 280.4815
5.992530E1 290.8738
5.812315E1 301.0146
5.650147E1 310.7834
}
