breaktable(CX_LS_X106576) {
# Thermometre :	CX_LS_X106576
# Environment :	VA
# Date :	14/10/2015
# Function :	 logT = Sum ( Ai / logR^i )
# Coefficients :	
# A0=	59.515458599537953E3
# A1=	-1.972275950410143E6
# A2=	28.862451903826885E6
# A3=	-245.015670331561090E6
# A4=	1.330566507295752E9
# A5=	-4.796099493568980E9
# A6=	11.479924204015530E9
# A7=	-17.601617277872437E9
# A8=	15.691468322931206E9
# A9=	-6.198482558198949E9
# Rmes(Ohm) Tmes(K)
1.121082E4 1.6676
1.022831E4 1.7674
9.349524E3 1.8697
8.597729E3 1.9682
7.662098E3 2.1124
7.139568E3 2.2068
6.670575E3 2.3025
6.248530E3 2.3996
5.876641E3 2.4965
5.541521E3 2.5940
5.243602E3 2.6915
4.974059E3 2.7890
4.729057E3 2.8876
4.507799E3 2.9859
4.307911E3 3.0840
4.125546E3 3.1816
3.956883E3 3.2805
3.803257E3 3.3788
3.661838E3 3.4768
3.530801E3 3.5755
3.409098E3 3.6740
3.296055E3 3.7728
3.191485E3 3.8712
3.093689E3 3.9697
3.002446E3 4.0679
2.917039E3 4.1664
2.760943E3 4.3634
2.622330E3 4.5610
2.386728E3 4.9566
1.957179E3 5.9711
1.680686E3 6.9604
1.482469E3 7.9506
1.333669E3 8.9409
1.216718E3 9.9309
1.120905E3 10.9373
1.042765E3 11.9294
9.767749E2 12.9214
9.200826E2 13.9140
8.707527E2 14.9063
8.233462E2 15.9941
7.846021E2 17.0001
7.500730E2 17.9990
7.188894E2 18.9968
6.905211E2 19.9952
6.645409E2 20.9935
6.406852E2 21.9910
6.186436E2 22.9885
5.982199E2 23.9872
5.791328E2 24.9886
5.613808E2 25.9877
5.447735E2 26.9838
5.291949E2 27.9805
3.954265E2 39.9897
3.941655E2 40.1434
3.164784E2 52.0732
2.741868E2 61.4936
2.408869E2 71.2829
2.155247E2 80.7846
1.975722E2 88.9731
1.792983E2 98.9745
1.646261E2 108.5770
1.515360E2 118.6861
1.410362E2 128.1089
1.305219E2 139.0176
1.216644E2 149.6241
1.155417E2 157.8864
1.078113E2 169.6341
1.052192E2 173.9557
9.822297E1 186.7331
9.353010E1 196.3928
9.054335E1 203.0646
8.654774E1 212.7460
8.354586E1 220.6491
7.898966E1 233.8255
7.603997E1 243.2567
7.230686E1 256.3790
6.859637E1 270.9815
6.638647E1 280.5471
6.415797E1 290.9400
6.215155E1 301.0522
6.032914E1 310.9052
}
