breaktable(CX_LS_X107584) {
# Thermometre :	CX_LS_X107584
# Environment :	VA
# Date :	25/02/2016
# Function :	 logT = Sum ( Ai / logR^i )
# Coefficients :	
# A0=	-152.614017223539940E3
# A1=	4.548341168201602E6
# A2=	-60.209498537657201E6
# A3=	464.631772203243140E6
# A4=	-2.303381136850146E9
# A5=	7.607047176715611E9
# A6=	-16.735851653619020E9
# A7=	23.651372521027767E9
# A8=	-19.482066473224770E9
# A9=	7.126502156036786E9
# Rmes(Ohm) Tmes(K)
8.118019E3 1.5955
7.605040E3 1.6652
6.925477E3 1.7685
6.361282E3 1.8671
5.868944E3 1.9663
5.268138E3 2.1090
4.940659E3 2.2021
4.627990E3 2.2996
4.362393E3 2.3955
4.121911E3 2.4919
3.906818E3 2.5894
3.709170E3 2.6872
3.530430E3 2.7868
3.370760E3 2.8856
3.225345E3 2.9837
3.092985E3 3.0823
2.972877E3 3.1801
2.861472E3 3.2785
2.759398E3 3.3766
2.664911E3 3.4745
2.577220E3 3.5730
2.495780E3 3.6709
2.419767E3 3.7693
2.349381E3 3.8667
2.349206E3 3.8671
2.283162E3 3.9654
2.221318E3 4.0629
2.163022E3 4.1608
1.960548E3 4.5552
1.959678E3 4.5568
1.796731E3 4.9519
1.494161E3 5.9683
1.296666E3 6.9574
1.153493E3 7.9477
1.044496E3 8.9381
9.584829E2 9.9281
8.873709E2 10.9344
8.289043E2 11.9291
7.791612E2 12.9239
7.366336E2 13.9116
6.993801E2 14.9021
6.632072E2 15.9933
6.336809E2 16.9988
6.072804E2 17.9958
5.834592E2 18.9884
5.616127E2 19.9853
5.415581E2 20.9846
5.229233E2 21.9901
5.058313E2 22.9869
4.899652E2 23.9833
4.750904E2 24.9871
4.612497E2 25.9841
4.482748E2 26.9814
4.360724E2 27.9777
4.245222E2 28.9775
4.147003E2 29.8772
3.637747E2 35.3909
3.303798E2 40.0016
2.695277E2 51.5554
2.356630E2 60.7364
2.085027E2 70.3599
1.875565E2 79.7575
1.723343E2 88.0630
1.580010E2 97.3684
1.456653E2 106.8538
1.347817E2 116.6645
1.251864E2 126.7282
1.172142E2 136.3271
1.095786E2 146.8116
1.044227E2 154.7601
9.743868E1 166.8653
9.570792E1 170.1486
8.997144E1 181.9211
8.556986E1 192.0440
8.302147E1 198.4173
7.944851E1 208.0579
7.693265E1 215.4028
7.322279E1 227.2210
7.055586E1 236.5394
6.724855E1 249.2177
6.217342E1 271.5838
6.090878E1 277.8219
5.872666E1 289.2993
5.844515E1 290.8435
5.508479E1 310.8181
}
