breaktable(CX_LS_X107490) {
# Thermometre :	CX_LS_X107490
# Environment :	VA
# Date :	14/10/2015
# Function :	 logT = Sum ( Ai / logR^i )
# Coefficients :	
# A0=	-32.452201408141809E3
# A1=	865.423896881746710E3
# A2=	-10.052650152028279E6
# A3=	66.286327362231255E6
# A4=	-270.279539857488810E6
# A5=	691.860989646329050E6
# A6=	-1.061956911754202E9
# A7=	823.389701832618710E6
# A8=	-97.216199924250588E6
# A9=	-185.690102451288520E6
# Rmes(Ohm) Tmes(K)
8.929818E3 1.6699
8.164960E3 1.7681
7.470495E3 1.8697
6.884713E3 1.9680
6.157901E3 2.1126
5.753249E3 2.2069
5.389379E3 2.3036
5.067049E3 2.3996
4.778582E3 2.4968
4.519887E3 2.5939
4.287978E3 2.6914
4.078797E3 2.7890
3.887208E3 2.8877
3.715261E3 2.9859
3.557881E3 3.0840
3.415337E3 3.1816
3.282279E3 3.2805
3.160828E3 3.3789
3.049205E3 3.4767
2.944566E3 3.5759
2.848515E3 3.6741
2.758650E3 3.7728
2.675201E3 3.8711
2.597367E3 3.9696
2.524084E3 4.0679
2.455643E3 4.1664
2.330199E3 4.3634
2.218501E3 4.5610
2.028025E3 4.9565
1.677487E3 5.9712
1.449230E3 6.9604
1.284542E3 7.9506
1.159865E3 8.9410
1.061668E3 9.9307
9.806930E2 10.9373
9.144587E2 11.9295
8.583215E2 12.9212
8.099500E2 13.9140
7.677597E2 14.9064
7.270592E2 15.9955
6.938396E2 17.0005
6.641104E2 17.9996
6.372392E2 18.9970
6.127499E2 19.9955
5.902998E2 20.9939
5.696492E2 21.9920
5.505495E2 22.9900
5.328281E2 23.9899
5.162876E2 24.9896
5.008592E2 25.9893
4.864128E2 26.9864
4.728507E2 27.9839
3.558377E2 40.0270
3.547338E2 40.1842
2.865613E2 52.1282
2.494584E2 61.5258
2.200370E2 71.3210
1.975414E2 80.8397
1.815789E2 89.0535
1.653321E2 99.0401
1.522443E2 108.6475
1.405340E2 118.7603
1.310706E2 128.2249
1.216670E2 139.0798
1.136827E2 149.6773
1.081423E2 157.9491
1.011470E2 169.6883
9.878992E1 174.0119
9.244556E1 186.7727
8.817141E1 196.4343
8.544660E1 203.1049
8.180088E1 212.7698
7.902367E1 220.7665
7.487989E1 233.8390
7.218415E1 243.2221
6.874218E1 256.3625
6.532493E1 270.9446
6.328911E1 280.4766
6.122782E1 290.8688
5.936129E1 301.0117
5.768437E1 310.7743
}
