breaktable(CX_LS_X108165) {
# Thermometre :	CX_LS_X108165
# Environment :	VA
# Date :	25/02/2016
# Function :	 logT = Sum ( Ai / logR^i )
# Coefficients :	
# A0=	115.036325122979560E3
# A1=	-3.459877618925050E6
# A2=	46.130639872409180E6
# A3=	-357.931297423066080E6
# A4=	1.781368223393241E9
# A5=	-5.897938196417680E9
# A6=	12.992293780539858E9
# A7=	-18.363542578742023E9
# A8=	15.112959475214317E9
# A9=	-5.518191507240786E9
# Rmes(Ohm) Tmes(K)
5.393301E3 1.5968
5.072830E3 1.6650
4.643317E3 1.7685
4.290780E3 1.8671
3.985496E3 1.9663
3.611585E3 2.1090
3.403890E3 2.2021
3.209851E3 2.2994
3.041101E3 2.3955
2.889486E3 2.4919
2.751404E3 2.5892
2.626299E3 2.6874
2.511787E3 2.7869
2.408318E3 2.8856
2.314066E3 2.9837
2.227769E3 3.0823
2.149133E3 3.1801
2.076098E3 3.2784
2.008780E3 3.3766
1.946324E3 3.4745
1.888010E3 3.5730
1.833910E3 3.6709
1.783154E3 3.7692
1.735883E3 3.8667
1.735811E3 3.8671
1.691164E3 3.9653
1.649531E3 4.0629
1.610138E3 4.1608
1.472114E3 4.5552
1.471738E3 4.5568
1.359573E3 4.9519
1.148487E3 5.9683
1.008337E3 6.9574
9.054849E2 7.9477
8.263915E2 8.9382
7.633934E2 9.9282
7.109236E2 10.9345
6.672994E2 11.9351
6.303680E2 12.9232
5.984269E2 13.9116
5.702831E2 14.9021
5.428442E2 15.9942
5.203661E2 16.9990
5.002211E2 17.9950
4.818986E2 18.9888
4.651129E2 19.9857
4.496007E2 20.9854
4.351896E2 21.9907
4.219119E2 22.9879
4.095514E2 23.9851
3.979547E2 24.9877
3.871158E2 25.9853
3.769290E2 26.9833
3.673301E2 27.9801
3.582397E2 28.9791
3.505110E2 29.8718
3.099585E2 35.4008
2.832077E2 40.0098
2.338852E2 51.5629
2.060792E2 60.7485
1.835920E2 70.3734
1.660764E2 79.7981
1.533048E2 88.0986
1.412195E2 97.3952
1.307482E2 106.8858
1.214635E2 116.6945
1.132376E2 126.7558
1.063681E2 136.3648
9.977656E1 146.8370
9.530344E1 154.7873
8.922747E1 166.8888
8.771842E1 170.1677
8.269874E1 181.9505
7.884267E1 192.0639
7.660429E1 198.4307
7.346575E1 208.0476
7.123904E1 215.4138
6.796150E1 227.2224
6.560567E1 236.5133
6.266561E1 249.2023
5.814365E1 271.5811
5.701473E1 277.8233
5.507856E1 289.2177
5.482296E1 290.7888
5.181750E1 310.7342
}
