breaktable(CX_LS_X107577) {
# Thermometre :	CX_LS_X107577
# Environment :	VA
# Date :	25/02/2016
# Function :	 logT = Sum ( Ai / logR^i )
# Coefficients :	
# A0=	-174.482612046322900E3
# A1=	5.271693542845981E6
# A2=	-70.747374532011360E6
# A3=	553.490909064423800E6
# A4=	-2.781830751012283E9
# A5=	9.314299772624796E9
# A6=	-20.775709427905769E9
# A7=	29.767469808829826E9
# A8=	-24.859969599974403E9
# A9=	9.219841229619316E9
# Rmes(Ohm) Tmes(K)
9.164334E3 1.5956
8.585004E3 1.6652
7.809100E3 1.7685
7.161600E3 1.8671
6.594643E3 1.9663
5.907736E3 2.1090
5.528696E3 2.2021
5.169574E3 2.2996
4.863900E3 2.3955
4.589774E3 2.4919
4.340774E3 2.5894
4.117267E3 2.6872
3.913168E3 2.7868
3.731706E3 2.8856
3.565152E3 2.9837
3.415372E3 3.0823
3.278729E3 3.1801
3.152878E3 3.2785
3.037126E3 3.3766
2.930610E3 3.4745
2.831421E3 3.5730
2.739764E3 3.6709
2.654345E3 3.7693
2.575087E3 3.8667
2.574960E3 3.8671
2.500432E3 3.9654
2.431053E3 4.0629
2.365719E3 4.1608
2.139076E3 4.5552
2.138256E3 4.5568
1.956232E3 4.9519
1.620061E3 5.9683
1.401665E3 6.9574
1.243961E3 7.9477
1.124282E3 8.9381
1.030074E3 9.9281
9.523461E2 10.9344
8.885451E2 11.9297
8.343888E2 12.9239
7.882164E2 13.9116
7.476173E2 14.9021
7.084179E2 15.9934
6.764133E2 16.9988
6.478274E2 17.9958
6.220606E2 18.9884
5.984614E2 19.9853
5.767672E2 20.9846
5.566642E2 21.9902
5.382277E2 22.9870
5.211287E2 23.9834
5.051065E2 24.9872
4.902047E2 25.9842
4.762425E2 26.9816
4.631206E2 27.9779
4.507074E2 28.9776
4.401513E2 29.8767
3.854973E2 35.3917
3.497248E2 40.0023
2.846743E2 51.5560
2.485506E2 60.7375
2.196241E2 70.3610
1.973364E2 79.7610
1.811607E2 88.0660
1.659401E2 97.3707
1.528460E2 106.8565
1.413006E2 116.6671
1.311318E2 126.7305
1.226904E2 136.3303
1.146125E2 146.8138
1.091603E2 154.7623
1.017805E2 166.8673
9.995252E1 170.1502
9.389557E1 181.9236
8.925084E1 192.0457
8.656264E1 198.4184
8.279541E1 208.0571
8.014159E1 215.4037
7.623136E1 227.2211
7.342180E1 236.5372
6.993677E1 249.2164
6.459150E1 271.5835
6.326018E1 277.8221
6.096455E1 289.2924
6.066757E1 290.8391
5.713091E1 310.8110
}
