breaktable(CX_LS_X106791) {
# Thermometre :	CX_LS_X106791
# Environment :	VA
# Date :	14/10/2015
# Function :	 logT = Sum ( Ai / logR^i )
# Coefficients :	
# A0=	-425.808074699030490E3
# A1=	12.531711714738458E6
# A2=	-163.790778937594950E6
# A3=	1.247791495309860E9
# A4=	-6.106035229997985E9
# A5=	19.903539589038151E9
# A6=	-43.216609495672935E9
# A7=	60.272967987120521E9
# A8=	-48.994273144481590E9
# A9=	17.685488952932430E9
# Rmes(Ohm) Tmes(K)
5.772770E3 1.6688
5.295990E3 1.7678
4.870272E3 1.8697
4.513826E3 1.9681
4.074133E3 2.1125
3.828568E3 2.2069
3.608254E3 2.3031
3.411345E3 2.3996
3.234746E3 2.4966
3.077107E3 2.5940
2.933162E3 2.6914
2.803382E3 2.7890
2.684757E3 2.8876
2.577034E3 2.9859
2.478539E3 3.0840
2.388519E3 3.1816
2.304589E3 3.2805
2.227647E3 3.3788
2.156668E3 3.4768
2.090036E3 3.5757
2.028533E3 3.6740
1.970626E3 3.7728
1.916822E3 3.8712
1.866551E3 3.9697
1.819029E3 4.0679
1.774473E3 4.1664
1.692615E3 4.3634
1.619311E3 4.5610
1.493454E3 4.9565
1.258566E3 5.9712
1.103294E3 6.9604
9.898816E2 7.9506
9.028517E2 8.9410
8.338780E2 9.9308
7.766146E2 10.9373
7.293698E2 11.9295
6.890952E2 12.9213
6.541814E2 13.9140
6.235711E2 14.9063
5.939433E2 15.9949
5.695396E2 17.0003
5.476503E2 17.9993
5.277766E2 18.9969
5.095875E2 19.9953
4.928436E2 20.9937
4.773813E2 21.9915
4.630273E2 22.9893
4.496585E2 23.9886
4.371251E2 24.9891
4.254025E2 25.9885
4.143864E2 26.9852
4.040113E2 27.9822
3.129122E2 40.0093
3.120353E2 40.1648
2.572380E2 52.1021
2.267337E2 61.5104
2.022180E2 71.3028
1.832376E2 80.8134
1.696247E2 89.0153
1.556164E2 99.0089
1.442244E2 108.6138
1.339413E2 118.7251
1.255839E2 128.1698
1.171779E2 139.0501
1.100061E2 149.6520
1.050010E2 157.9192
9.864176E1 169.6624
9.649225E1 173.9851
9.067276E1 186.7539
8.673360E1 196.4145
8.421325E1 203.0858
8.082739E1 212.7585
7.825339E1 220.7105
7.436410E1 233.8326
7.182721E1 243.2386
6.858621E1 256.3704
6.534998E1 270.9621
6.341346E1 280.5102
6.144976E1 290.9028
5.966989E1 301.0309
5.805810E1 310.8365
}
