breaktable(CX_LS_X104938) {
# Thermometre :	CX_LS_X104938
# Environment :	VA
# Date :	14/10/2015
# Function :	 logT = Sum ( Ai / logR^i )
# Coefficients :	
# A0=	-722.785507951944950E3
# A1=	24.042558456759706E6
# A2=	-355.152300642593500E6
# A3=	3.057732138844249E9
# A4=	-16.909208288289995E9
# A5=	62.283387974803741E9
# A6=	-152.805576070290710E9
# A7=	240.781880229267360E9
# A8=	-221.117475184351900E9
# A9=	90.163993338912125E9
# Rmes(Ohm) Tmes(K)
2.322167E4 1.6664
2.144612E4 1.7671
1.969524E4 1.8697
1.812710E4 1.9683
1.607695E4 2.1123
1.489129E4 2.2068
1.381488E4 2.3019
1.283792E4 2.3996
1.196846E4 2.4963
1.118832E4 2.5940
1.049256E4 2.6915
9.871064E3 2.7891
9.308003E3 2.8876
8.803277E3 2.9859
8.344954E3 3.0841
7.934591E3 3.1816
7.554905E3 3.2806
7.212031E3 3.3788
6.898699E3 3.4769
6.609392E3 3.5753
6.343874E3 3.6740
6.098730E3 3.7728
5.872605E3 3.8713
5.662788E3 3.9697
5.468019E3 4.0678
5.286146E3 4.1665
4.957764E3 4.3634
4.668765E3 4.5611
4.184717E3 4.9566
3.325269E3 5.9711
2.789600E3 6.9604
2.416416E3 7.9506
2.140167E3 8.9409
1.927990E3 9.9310
1.756380E3 10.9372
1.618106E3 11.9294
1.502725E3 12.9214
1.404545E3 13.9140
1.319838E3 14.9063
1.239185E3 15.9934
1.173825E3 16.9999
1.115845E3 17.9986
1.063873E3 18.9968
1.016914E3 19.9950
9.741647E2 20.9933
9.351283E2 21.9905
8.992571E2 22.9877
8.661866E2 23.9858
8.353644E2 24.9881
8.068733E2 25.9868
7.803402E2 26.9826
7.555561E2 27.9787
5.471531E2 39.9712
5.452250E2 40.1230
4.280428E2 52.0457
3.654475E2 61.4776
3.170253E2 71.2638
2.806461E2 80.7573
2.551640E2 88.9331
2.294385E2 98.9418
2.089870E2 108.5419
1.908996E2 118.6491
1.765416E2 128.0507
1.621888E2 138.9846
1.502132E2 149.5977
1.419867E2 157.8548
1.316513E2 169.6071
1.282059E2 173.9274
1.189344E2 186.7134
1.127416E2 196.3721
1.088179E2 203.0445
1.035819E2 212.7341
9.968703E1 220.5904
9.373772E1 233.8187
8.990625E1 243.2741
8.509135E1 256.3872
8.031607E1 270.9999
7.747815E1 280.5824
7.462654E1 290.9756
7.207049E1 301.0723
6.973900E1 310.9703
}
