breaktable(CX_LS_X106953) {
# Thermometre :	CX_LS_X106953
# Environment :	VA
# Date :	14/10/2015
# Function :	 logT = Sum ( Ai / logR^i )
# Coefficients :	
# A0=	-142.325579999284470E3
# A1=	4.289317877809206E6
# A2=	-57.434007218573287E6
# A3=	448.426399747809230E6
# A4=	-2.249695321273321E9
# A5=	7.520319632204568E9
# A6=	-16.749698101181948E9
# A7=	23.967456458387402E9
# A8=	-19.992446778774208E9
# A9=	7.406680970850896E9
# Rmes(Ohm) Tmes(K)
7.308237E3 1.6701
6.687923E3 1.7682
6.129816E3 1.8697
5.662237E3 1.9680
5.082605E3 2.1126
4.762344E3 2.2070
4.470433E3 2.3037
4.214669E3 2.3995
3.983333E3 2.4968
3.776853E3 2.5939
3.590814E3 2.6914
3.422965E3 2.7890
3.269032E3 2.8877
3.129913E3 2.9859
3.003458E3 3.0840
2.888074E3 3.1816
2.780486E3 3.2805
2.681869E3 3.3789
2.591115E3 3.4767
2.506167E3 3.5759
2.427954E3 3.6741
2.354661E3 3.7728
2.286379E3 3.8711
2.222499E3 3.9696
2.162767E3 4.0680
2.106485E3 4.1664
2.003468E3 4.3634
1.911412E3 4.5610
1.754005E3 4.9565
1.462358E3 5.9712
1.271121E3 6.9604
1.132431E3 7.9506
1.026715E3 8.9410
9.430374E2 9.9307
8.739669E2 10.9373
8.172392E2 11.9295
7.690190E2 12.9212
7.273407E2 13.9141
6.909134E2 14.9064
6.556703E2 15.9957
6.268596E2 17.0005
6.010299E2 17.9997
5.776309E2 18.9970
5.562649E2 19.9955
5.366481E2 20.9940
5.185711E2 21.9921
5.018265E2 22.9902
4.862673E2 23.9902
4.717289E2 24.9897
4.581450E2 25.9895
4.454080E2 26.9866
4.334359E2 27.9842
3.294487E2 40.0305
3.284618E2 40.1881
2.672441E2 52.1335
2.337045E2 61.5289
2.069675E2 71.3247
1.864356E2 80.8447
1.718156E2 89.0612
1.568917E2 99.0464
1.448296E2 108.6540
1.340082E2 118.7675
1.252400E2 128.2361
1.165145E2 139.0855
1.090859E2 149.6822
1.039204E2 157.9551
9.738712E1 169.6934
9.518192E1 174.0174
8.924044E1 186.7763
8.523021E1 196.4383
8.267078E1 203.1088
7.924310E1 212.7721
7.662650E1 220.7779
7.272304E1 233.8403
7.018017E1 243.2187
6.692786E1 256.3609
6.369549E1 270.9411
6.176818E1 280.4697
5.981483E1 290.8619
5.804442E1 301.0080
5.645420E1 310.7622
}
