breaktable(CX_LS_X106796) {
# Thermometre :	CX_LS_X106796
# Environment :	VA
# Date :	14/10/2015
# Function :	 logT = Sum ( Ai / logR^i )
# Coefficients :	
# A0=	-276.258057840738330E3
# A1=	7.792817542830115E6
# A2=	-97.579779322766140E6
# A3=	711.865515037357930E6
# A4=	-3.334234566122465E9
# A5=	10.397747134184444E9
# A6=	-21.588292972841877E9
# A7=	28.775999356001526E9
# A8=	-22.344433771529251E9
# A9=	7.700643509554398E9
# Rmes(Ohm) Tmes(K)
4.579515E3 1.6690
4.215440E3 1.7679
3.890803E3 1.8697
3.619394E3 1.9681
3.284333E3 2.1125
3.095932E3 2.2069
2.927174E3 2.3032
2.776516E3 2.3996
2.640443E3 2.4967
2.518413E3 2.5940
2.407533E3 2.6914
2.307078E3 2.7890
2.214735E3 2.8877
2.130443E3 2.9859
2.053385E3 3.0840
1.982767E3 3.1816
1.916901E3 3.2805
1.856224E3 3.3788
1.800086E3 3.4768
1.747507E3 3.5757
1.698565E3 3.6740
1.652660E3 3.7728
1.609977E3 3.8712
1.569753E3 3.9697
1.531959E3 4.0679
1.496232E3 4.1664
1.430613E3 4.3634
1.371750E3 4.5610
1.270217E3 4.9565
1.079278E3 5.9712
9.519757E2 6.9604
8.582321E2 7.9506
7.860424E2 8.9410
7.285471E2 9.9308
6.805107E2 10.9373
6.408135E2 11.9295
6.068657E2 12.9213
5.773539E2 13.9140
5.514078E2 14.9064
5.262126E2 15.9950
5.054620E2 17.0003
4.867873E2 17.9994
4.697989E2 18.9969
4.542236E2 19.9954
4.398640E2 20.9938
4.265842E2 21.9916
4.142342E2 22.9894
4.027174E2 23.9888
3.919077E2 24.9892
3.817819E2 25.9887
3.722545E2 26.9854
3.632702E2 27.9826
2.838853E2 40.0128
2.831187E2 40.1687
2.349023E2 52.1073
2.078955E2 61.5136
1.860831E2 71.3066
1.691232E2 80.8187
1.569198E2 89.0231
1.443269E2 99.0152
1.340568E2 108.6206
1.247636E2 118.7320
1.171902E2 128.1806
1.095621E2 139.0561
1.030362E2 149.6570
9.847257E1 157.9253
9.266478E1 169.6676
9.069840E1 173.9906
8.536920E1 186.7576
8.175513E1 196.4185
7.944006E1 203.0896
7.632684E1 212.7608
7.395455E1 220.7219
7.037225E1 233.8339
6.803184E1 243.2352
6.503593E1 256.3688
6.204104E1 270.9587
6.024729E1 280.5034
5.842592E1 290.8959
5.677309E1 301.0272
5.527677E1 310.8243
}
