breaktable(CX_LS_X107589) {
# Thermometre :	CX_LS_X107589
# Environment :	VA
# Date :	25/02/2016
# Function :	 logT = Sum ( Ai / logR^i )
# Coefficients :	
# A0=	-378.602738903883380E3
# A1=	11.107353043034937E6
# A2=	-144.658611537322040E6
# A3=	1.097683224118936E9
# A4=	-5.348121219170496E9
# A5=	17.350312400146126E9
# A6=	-37.479364565076057E9
# A7=	51.982788626636841E9
# A8=	-42.005885240093704E9
# A9=	15.067578990757385E9
# Rmes(Ohm) Tmes(K)
6.808953E3 1.5959
6.392055E3 1.6651
5.838275E3 1.7685
5.380721E3 1.8671
4.979686E3 1.9663
4.494766E3 2.1090
4.219831E3 2.2021
3.974076E3 2.2995
3.756419E3 2.3955
3.561250E3 2.4919
3.383655E3 2.5893
3.221346E3 2.6873
3.074272E3 2.7868
2.943532E3 2.8856
2.823470E3 2.9837
2.712304E3 3.0823
2.612724E3 3.1801
2.519603E3 3.2784
2.433975E3 3.3766
2.355037E3 3.4745
2.281521E3 3.5730
2.213141E3 3.6709
2.149287E3 3.7693
2.089764E3 3.8667
2.089924E3 3.8671
2.033953E3 3.9654
1.981627E3 4.0629
1.932325E3 4.1608
1.760192E3 4.5552
1.759581E3 4.5568
1.620266E3 4.9519
1.359754E3 5.9683
1.188187E3 6.9574
1.062888E3 7.9477
9.669369E2 8.9381
8.908493E2 9.9281
8.276556E2 10.9344
7.754415E2 11.9309
7.309964E2 12.9237
6.928048E2 13.9116
6.592371E2 14.9021
6.266087E2 15.9936
5.998629E2 16.9988
5.759192E2 17.9956
5.542414E2 18.9885
5.343633E2 19.9854
5.160061E2 20.9848
4.989781E2 21.9903
4.833143E2 22.9872
4.687504E2 23.9838
4.550907E2 24.9873
4.423419E2 25.9845
4.303715E2 26.9820
4.191000E2 27.9784
4.084240E2 28.9780
3.993237E2 29.8756
3.519591E2 35.3938
3.207422E2 40.0040
2.634430E2 51.5577
2.313008E2 60.7400
2.053803E2 70.3639
1.852796E2 79.7695
1.706299E2 88.0737
1.567892E2 97.3763
1.448305E2 106.8633
1.342468E2 116.6735
1.248875E2 126.7365
1.170894E2 136.3384
1.096075E2 146.8192
1.045429E2 154.7682
9.766951E1 166.8723
9.596369E1 170.1543
9.030081E1 181.9300
8.594982E1 192.0500
8.342726E1 198.4213
7.988863E1 208.0548
7.738981E1 215.4061
7.370485E1 227.2214
7.105417E1 236.5316
6.775893E1 249.2131
6.269418E1 271.5830
6.143072E1 277.8223
5.925295E1 289.2748
5.897024E1 290.8273
5.560670E1 310.7934
}
