breaktable(CX_LS_X106959) {
# Thermometre :	CX_LS_X106959
# Environment :	VA
# Date :	14/10/2015
# Function :	 logT = Sum ( Ai / logR^i )
# Coefficients :	
# A0=	25.838691762753049E3
# A1=	-968.558107295234110E3
# A2=	15.486076186728179E6
# A3=	-140.363364259849940E6
# A4=	800.749248964059950E6
# A5=	-2.996031886635192E9
# A6=	7.376028076720590E9
# A7=	-11.548898395362869E9
# A8=	10.453145777526482E9
# A9=	-4.172604424093297E9
# Rmes(Ohm) Tmes(K)
7.484042E3 1.6694
6.852443E3 1.7680
6.289383E3 1.8697
5.811770E3 1.9681
5.223468E3 2.1125
4.889137E3 2.2069
4.597875E3 2.3034
4.335845E3 2.3996
4.099408E3 2.4967
3.888083E3 2.5940
3.698124E3 2.6914
3.525522E3 2.7890
3.368849E3 2.8877
3.226809E3 2.9859
3.096868E3 3.0840
2.978459E3 3.1816
2.868258E3 3.2805
2.767450E3 3.3788
2.674226E3 3.4767
2.587138E3 3.5758
2.506749E3 3.6740
2.431538E3 3.7728
2.361508E3 3.8712
2.296130E3 3.9697
2.234508E3 4.0679
2.176970E3 4.1664
2.071184E3 4.3634
1.976555E3 4.5610
1.814882E3 4.9565
1.514933E3 5.9712
1.318160E3 6.9604
1.175099E3 7.9506
1.066010E3 8.9410
9.799723E2 9.9308
9.085333E2 10.9373
8.499280E2 11.9295
8.000857E2 12.9213
7.569830E2 13.9140
7.192687E2 14.9064
6.828502E2 15.9952
6.529635E2 17.0004
6.261987E2 17.9995
6.019450E2 18.9970
5.797926E2 19.9954
5.594436E2 20.9938
5.406905E2 21.9918
5.233135E2 22.9897
5.071608E2 23.9892
4.920543E2 24.9894
4.779463E2 25.9889
4.647154E2 26.9858
4.522743E2 27.9831
3.441247E2 40.0180
3.430962E2 40.1746
2.792414E2 52.1151
2.441735E2 61.5182
2.162277E2 71.3121
1.947585E2 80.8265
1.794630E2 89.0342
1.638282E2 99.0246
1.511888E2 108.6306
1.398470E2 118.7426
1.306688E2 128.1972
1.215032E2 139.0649
1.137091E2 149.6645
1.082898E2 157.9342
1.014319E2 169.6754
9.911891E1 173.9986
9.287969E1 186.7632
8.866979E1 196.4245
8.598283E1 203.0954
8.238233E1 212.7642
7.964376E1 220.7388
7.553508E1 233.8358
7.286038E1 243.2303
6.944611E1 256.3665
6.604918E1 270.9534
6.402256E1 280.4933
6.196976E1 290.8857
6.011109E1 301.0214
5.843551E1 310.8056
}
