breaktable(CX_LS_X106582) {
# Thermometre :	CX_LS_X106582
# Environment :	VA
# Date :	14/10/2015
# Function :	 logT = Sum ( Ai / logR^i )
# Coefficients :	
# A0=	-290.314506809368610E3
# A1=	9.201392672883851E6
# A2=	-129.545051786600560E6
# A3=	1.063290860340101E9
# A4=	-5.606991860068145E9
# A5=	19.698606037688778E9
# A6=	-46.105963273498032E9
# A7=	69.325032413506058E9
# A8=	-60.761353199589905E9
# A9=	23.651646601966530E9
# Rmes(Ohm) Tmes(K)
1.428765E4 1.6677
1.307658E4 1.7675
1.195436E4 1.8697
1.098269E4 1.9682
9.757366E3 2.1124
9.068554E3 2.2068
8.444558E3 2.3026
7.893505E3 2.3996
7.400373E3 2.4965
6.958316E3 2.5940
6.562907E3 2.6915
6.209262E3 2.7890
5.887549E3 2.8876
5.597141E3 2.9859
5.336007E3 3.0840
5.097921E3 3.1816
4.878881E3 3.2805
4.679039E3 3.3788
4.495980E3 3.4768
4.326215E3 3.5755
4.169561E3 3.6740
4.024046E3 3.7728
3.889253E3 3.8712
3.764079E3 3.9697
3.647220E3 4.0679
3.537885E3 4.1664
3.339284E3 4.3634
3.162986E3 4.5610
2.865238E3 4.9566
2.326255E3 5.9711
1.983270E3 6.9604
1.739426E3 7.9506
1.556773E3 8.9409
1.414689E3 9.9309
1.298550E3 10.9373
1.204404E3 11.9294
1.125060E3 12.9213
1.057062E3 13.9140
9.980950E2 14.9063
9.416300E2 15.9942
8.955480E2 17.0001
8.545999E2 17.9990
8.176966E2 18.9968
7.841818E2 19.9952
7.535521E2 20.9935
7.254727E2 21.9910
6.995755E2 22.9886
6.756138E2 23.9874
6.532621E2 24.9887
6.324963E2 25.9878
6.131016E2 26.9840
5.949303E2 27.9807
4.399326E2 39.9924
4.384824E2 40.1463
3.494434E2 52.0771
3.013290E2 61.4960
2.636219E2 71.2857
2.350232E2 80.7887
2.148485E2 88.9790
1.943794E2 98.9793
1.780041E2 108.5822
1.634335E2 118.6915
1.517714E2 128.1174
1.401287E2 139.0221
1.303352E2 149.6280
1.235767E2 157.8908
1.150620E2 169.6381
1.122095E2 173.9596
1.045241E2 186.7360
9.937707E1 196.3959
9.610518E1 203.0676
9.173258E1 212.7477
8.844777E1 220.6577
8.347470E1 233.8265
8.025832E1 243.2543
7.618866E1 256.3778
7.214866E1 270.9788
6.974585E1 280.5419
6.732165E1 290.9351
6.513858E1 301.0492
6.315696E1 310.8956
}
