breaktable(CX_LS_X106573) {
# Thermometre :	CX_LS_X106573
# Environment :	VA
# Date :	14/10/2015
# Function :	 logT = Sum ( Ai / logR^i )
# Coefficients :	
# A0=	-209.432380628911520E3
# A1=	6.653391514420039E6
# A2=	-93.899300413384557E6
# A3=	772.645798833419920E6
# A4=	-4.084863370712151E9
# A5=	14.389062441445414E9
# A6=	-33.770029136721630E9
# A7=	50.917552169607689E9
# A8=	-44.753970053799942E9
# A9=	17.470831144495304E9
# Rmes(Ohm) Tmes(K)
1.634638E4 1.6674
1.498141E4 1.7674
1.371066E4 1.8697
1.259842E4 1.9682
1.118642E4 2.1124
1.038364E4 2.2068
9.663027E3 2.3024
9.013738E3 2.3996
8.436601E3 2.4965
7.921552E3 2.5940
7.463105E3 2.6915
7.048933E3 2.7891
6.674537E3 2.8876
6.336839E3 2.9859
6.031901E3 3.0840
5.755996E3 3.1816
5.501416E3 3.2805
5.269916E3 3.3788
5.057801E3 3.4768
4.862092E3 3.5755
4.680566E3 3.6740
4.512606E3 3.7728
4.357458E3 3.8713
4.213526E3 3.9697
4.079132E3 4.0678
3.953479E3 4.1664
3.725198E3 4.3634
3.523336E3 4.5610
3.183074E3 4.9566
2.569959E3 5.9711
2.181841E3 6.9604
1.907743E3 7.9506
1.702662E3 8.9409
1.544030E3 9.9309
1.414413E3 10.9373
1.309550E3 11.9294
1.221448E3 12.9214
1.146096E3 13.9140
1.080820E3 14.9063
1.018358E3 15.9940
9.674707E2 17.0000
9.223222E2 17.9989
8.816757E2 18.9968
8.448134E2 19.9951
8.111517E2 20.9935
7.803260E2 21.9909
7.519236E2 22.9884
7.256701E2 23.9870
7.011847E2 24.9885
6.784678E2 25.9875
6.572671E2 26.9837
6.374194E2 27.9802
4.687717E2 39.9870
4.671963E2 40.1404
3.708649E2 52.0692
3.189745E2 61.4913
2.784444E2 71.2802
2.477812E2 80.7806
2.261925E2 88.9676
2.043255E2 98.9697
1.868562E2 108.5718
1.713341E2 118.6806
1.589346E2 128.1004
1.465508E2 139.0133
1.361599E2 149.6202
1.289978E2 157.8818
1.199784E2 169.6302
1.169613E2 173.9516
1.088379E2 186.7302
1.033940E2 196.3898
9.993897E1 203.0618
9.532350E1 212.7443
9.186502E1 220.6404
8.661774E1 233.8245
8.322763E1 243.2593
7.894649E1 256.3801
7.469842E1 270.9841
7.217148E1 280.5523
6.962682E1 290.9453
6.733843E1 301.0551
6.526093E1 310.9143
}
