breaktable(CX_LS_X107569) {
# Thermometre :	CX_LS_X107569
# Environment :	VA
# Date :	25/02/2016
# Function :	 logT = Sum ( Ai / logR^i )
# Coefficients :	
# A0=	-144.682136347616590E3
# A1=	4.302613895717942E6
# A2=	-56.837684466405161E6
# A3=	437.724317281235640E6
# A4=	-2.165718286436628E9
# A5=	7.138657389052506E9
# A6=	-15.675758157177219E9
# A7=	22.112091440407570E9
# A8=	-18.180686422476101E9
# A9=	6.638337654291352E9
# Rmes(Ohm) Tmes(K)
7.562896E3 1.5948
7.076643E3 1.6653
6.444860E3 1.7685
5.921776E3 1.8672
5.464989E3 1.9663
4.913639E3 2.1091
4.605914E3 2.2020
4.320920E3 2.2997
4.075871E3 2.3955
3.852277E3 2.4919
3.651903E3 2.5895
3.472219E3 2.6871
3.307214E3 2.7867
3.157754E3 2.8856
3.024337E3 2.9837
2.901582E3 3.0823
2.789880E3 3.1800
2.686935E3 3.2785
2.592128E3 3.3766
2.504723E3 3.4745
2.423432E3 3.5730
2.347865E3 3.6709
2.277500E3 3.7694
2.212153E3 3.8667
2.211827E3 3.8671
2.150386E3 3.9654
2.093028E3 4.0629
2.038927E3 4.1608
1.850423E3 4.5552
1.849767E3 4.5568
1.697913E3 4.9519
1.415508E3 5.9684
1.230827E3 6.9574
1.096729E3 7.9477
9.944859E2 8.9381
9.136961E2 9.9280
8.468432E2 10.9344
7.919198E2 11.9258
7.449507E2 12.9243
7.048915E2 13.9116
6.697570E2 14.9020
6.356356E2 15.9929
6.077323E2 16.9986
5.827673E2 17.9963
5.602589E2 18.9882
5.395984E2 19.9850
5.205886E2 20.9841
5.029599E2 21.9897
4.867695E2 22.9863
4.717399E2 23.9822
4.576181E2 24.9868
4.444914E2 25.9834
4.321803E2 26.9803
4.205979E2 27.9763
4.096190E2 28.9766
4.002872E2 29.8804
3.518718E2 35.3851
3.200260E2 39.9968
2.618965E2 51.5510
2.294772E2 60.7294
2.034175E2 70.3521
1.833165E2 79.7339
1.686613E2 88.0423
1.548376E2 97.3528
1.429300E2 106.8354
1.324128E2 116.6473
1.231335E2 126.7123
1.154219E2 136.3054
1.080207E2 146.7971
1.030242E2 154.7442
9.624916E1 166.8518
9.456925E1 170.1376
8.900339E1 181.9042
8.472453E1 192.0325
8.224720E1 198.4095
7.876827E1 208.0639
7.632587E1 215.3964
7.271418E1 227.2202
7.011316E1 236.5544
6.689465E1 249.2266
6.195130E1 271.5853
6.071908E1 277.8211
5.858204E1 289.3463
5.831023E1 290.8755
5.503021E1 310.8669
}
