breaktable(CX_LS_X106790) {
# Thermometre :	CX_LS_X106790
# Environment :	VA
# Date :	14/10/2015
# Function :	 logT = Sum ( Ai / logR^i )
# Coefficients :	
# A0=	-42.217713665916955E3
# A1=	1.138082143522368E6
# A2=	-13.533759512442190E6
# A3=	93.050250022183537E6
# A4=	-406.893647083303630E6
# A5=	1.170703012882257E9
# A6=	-2.208720070305035E9
# A7=	2.621884964652132E9
# A8=	-1.763298739914894E9
# A9=	505.317450675044890E6
# Rmes(Ohm) Tmes(K)
5.913779E3 1.6687
5.421104E3 1.7678
4.981393E3 1.8697
4.613475E3 1.9681
4.159608E3 2.1125
3.909420E3 2.2069
3.679466E3 2.3031
3.476945E3 2.3996
3.295395E3 2.4966
3.132893E3 2.5940
2.985358E3 2.6915
2.853172E3 2.7890
2.730740E3 2.8876
2.619964E3 2.9859
2.519244E3 3.0840
2.426823E3 3.1816
2.341012E3 3.2805
2.262354E3 3.3788
2.189476E3 3.4768
2.121382E3 3.5757
2.058293E3 3.6740
1.999178E3 3.7728
1.944015E3 3.8712
1.892659E3 3.9697
1.844069E3 4.0679
1.798622E3 4.1664
1.715038E3 4.3634
1.640112E3 4.5610
1.511807E3 4.9565
1.272558E3 5.9712
1.114604E3 6.9604
9.992081E2 7.9506
9.110826E2 8.9410
8.410270E2 9.9308
7.829348E2 10.9373
7.350836E2 11.9295
6.942986E2 12.9213
6.589713E2 13.9140
6.279908E2 14.9063
5.980299E2 15.9948
5.733635E2 17.0003
5.512456E2 17.9993
5.311614E2 18.9969
5.127869E2 19.9953
4.958767E2 20.9937
4.802670E2 21.9915
4.657718E2 22.9893
4.522801E2 23.9885
4.396303E2 24.9891
4.278009E2 25.9885
4.166870E2 26.9851
4.062205E2 27.9822
3.143780E2 40.0083
3.134949E2 40.1637
2.582942E2 52.1006
2.275755E2 61.5097
2.029023E2 71.3018
1.838055E2 80.8122
1.701132E2 89.0131
1.560276E2 99.0074
1.445758E2 108.6121
1.342418E2 118.7231
1.258464E2 128.1667
1.174013E2 139.0487
1.101990E2 149.6506
1.051733E2 157.9177
9.878975E1 169.6611
9.663263E1 173.9838
9.079216E1 186.7528
8.683961E1 196.4136
8.431114E1 203.0847
8.091450E1 212.7579
7.833354E1 220.7078
7.443208E1 233.8322
7.188801E1 243.2394
6.863868E1 256.3708
6.539420E1 270.9631
6.345318E1 280.5119
6.148494E1 290.9044
5.970165E1 301.0320
5.808620E1 310.8400
}
