breaktable(CX_LS_X106640) {
# Thermometre :	CX_LS_X106640
# Environment :	VA
# Date :	14/10/2015
# Function :	 logT = Sum ( Ai / logR^i )
# Coefficients :	
# A0=	-314.446586406577200E3
# A1=	9.965888578052301E6
# A2=	-140.266755573144050E6
# A3=	1.150664385362556E9
# A4=	-6.062954419883459E9
# A5=	21.278774924175434E9
# A6=	-49.742515823521889E9
# A7=	74.683869973338943E9
# A8=	-65.349250779384605E9
# A9=	25.390143355824215E9
# Rmes(Ohm) Tmes(K)
1.541821E4 1.6683
1.414410E4 1.7676
1.293815E4 1.8697
1.188774E4 1.9681
1.055589E4 2.1125
9.800247E3 2.2069
9.124931E3 2.3029
8.517692E3 2.3996
7.977968E3 2.4966
7.494685E3 2.5940
7.066368E3 2.6915
6.679077E3 2.7890
6.326768E3 2.8876
6.012337E3 2.9859
5.725187E3 3.0840
5.466298E3 3.1816
5.227606E3 3.2805
5.009689E3 3.3788
4.810456E3 3.4768
4.625892E3 3.5756
4.455810E3 3.6740
4.297669E3 3.7728
4.151191E3 3.8712
4.015812E3 3.9697
3.888986E3 4.0679
3.770725E3 4.1664
3.555286E3 4.3634
3.364841E3 4.5610
3.043296E3 4.9565
2.463141E3 5.9711
2.094747E3 6.9604
1.833468E3 7.9506
1.638590E3 8.9410
1.487160E3 9.9308
1.363604E3 10.9373
1.263340E3 11.9294
1.179137E3 12.9213
1.106963E3 13.9140
1.044463E3 14.9063
9.846872E2 15.9946
9.359000E2 17.0002
8.925801E2 17.9992
8.535836E2 18.9969
8.181891E2 19.9953
7.858593E2 20.9936
7.562334E2 21.9913
7.289278E2 22.9890
7.036727E2 23.9880
6.801378E2 24.9889
6.582765E2 25.9882
6.378606E2 26.9846
6.187459E2 27.9815
4.559930E2 40.0012
4.544744E2 40.1560
3.613552E2 52.0901
3.112003E2 61.5036
2.719177E2 71.2946
2.421579E2 80.8016
2.211891E2 88.9979
1.999504E2 98.9947
1.829620E2 108.5988
1.678632E2 118.7090
1.557760E2 128.1448
1.437487E2 139.0367
1.336301E2 149.6405
1.266509E2 157.9056
1.178625E2 169.6509
1.149181E2 173.9729
1.069951E2 186.7453
1.016894E2 196.4057
9.831750E1 203.0770
9.381456E1 212.7533
9.042286E1 220.6855
8.531443E1 233.8297
8.200906E1 243.2460
7.782201E1 256.3739
7.367172E1 270.9701
7.120422E1 280.5253
6.871617E1 290.9179
6.647471E1 301.0397
6.444882E1 310.8647
}
