breaktable(CX_LS_X107598) {
# Thermometre :	CX_LS_X107598
# Environment :	VA
# Date :	25/02/2016
# Function :	 logT = Sum ( Ai / logR^i )
# Coefficients :	
# A0=	-239.331338677428200E3
# A1=	7.115893048801601E6
# A2=	-93.909663894736812E6
# A3=	721.984929751822710E6
# A4=	-3.563442458230906E9
# A5=	11.709007624570110E9
# A6=	-25.613611768350826E9
# A7=	35.968323662896843E9
# A8=	-29.421418685859070E9
# A9=	10.680585803032801E9
# Rmes(Ohm) Tmes(K)
8.739462E3 1.5964
8.190584E3 1.6651
7.450540E3 1.7685
6.835367E3 1.8671
6.297967E3 1.9663
5.644718E3 2.1090
5.263618E3 2.2021
4.947011E3 2.2995
4.654473E3 2.3955
4.391078E3 2.4919
4.158812E3 2.5892
3.947147E3 2.6874
3.750983E3 2.7868
3.577762E3 2.8856
3.422752E3 2.9837
3.279174E3 3.0823
3.149287E3 3.1801
3.029281E3 3.2784
2.919023E3 3.3766
2.817578E3 3.4745
2.723221E3 3.5730
2.635818E3 3.6709
2.554139E3 3.7693
2.478733E3 3.8667
2.478529E3 3.8671
2.407596E3 3.9653
2.341189E3 4.0629
2.278986E3 4.1608
2.062351E3 4.5552
2.061606E3 4.5568
1.887627E3 4.9519
1.565627E3 5.9683
1.356191E3 6.9574
1.204742E3 7.9477
1.089692E3 8.9382
9.990489E2 9.9281
9.242154E2 10.9345
8.625810E2 11.9333
8.105910E2 12.9234
7.659883E2 13.9116
7.268839E2 14.9021
6.889988E2 15.9939
6.580838E2 16.9989
6.305013E2 17.9952
6.055468E2 18.9887
5.827553E2 19.9856
5.617680E2 20.9852
5.423279E2 21.9905
5.244871E2 22.9876
5.079304E2 23.9846
4.924339E2 24.9876
4.780019E2 25.9850
4.644716E2 26.9827
4.517587E2 27.9794
4.397417E2 28.9786
4.295167E2 29.8734
3.764737E2 35.3979
3.417836E2 40.0074
2.786081E2 51.5607
2.434749E2 60.7449
2.153271E2 70.3694
1.935953E2 79.7859
1.778416E2 88.0879
1.630173E2 97.3872
1.502534E2 106.8763
1.390013E2 116.6855
1.290861E2 126.7475
1.208442E2 136.3534
1.129637E2 146.8293
1.076369E2 154.7792
1.004251E2 166.8818
9.863835E1 170.1619
9.271080E1 181.9419
8.816924E1 192.0580
8.553921E1 198.4267
8.185718E1 208.0506
7.925395E1 215.4105
7.542641E1 227.2220
7.267948E1 236.5211
6.926276E1 249.2068
6.402243E1 271.5819
6.271711E1 277.8229
6.047673E1 289.2422
6.018289E1 290.8050
5.671864E1 310.7594
}
