breaktable(CX_LS_X107489) {
# Thermometre :	CX_LS_X107489
# Environment :	VA
# Date :	14/10/2015
# Function :	 logT = Sum ( Ai / logR^i )
# Coefficients :	
# A0=	-45.197177316814472E3
# A1=	1.345318388490459E6
# A2=	-17.822529364280753E6
# A3=	137.894785729141920E6
# A4=	-686.550816056792970E6
# A5=	2.280649655454041E9
# A6=	-5.053940572138442E9
# A7=	7.203143466167660E9
# A8=	-5.990589059157809E9
# A9=	2.214671041988877E9
# Rmes(Ohm) Tmes(K)
6.741995E3 1.6699
6.170960E3 1.7681
5.659542E3 1.8697
5.231330E3 1.9680
4.701028E3 2.1126
4.409719E3 2.2069
4.141758E3 2.3036
3.906995E3 2.3996
3.695428E3 2.4968
3.507574E3 2.5939
3.336473E3 2.6914
3.182077E3 2.7890
3.041197E3 2.8877
2.914341E3 2.9859
2.797500E3 3.0840
2.691193E3 3.1816
2.592479E3 3.2805
2.501704E3 3.3788
2.418457E3 3.4767
2.340012E3 3.5758
2.267761E3 3.6741
2.200063E3 3.7728
2.137182E3 3.8711
2.078151E3 3.9696
2.022913E3 4.0679
1.971022E3 4.1664
1.875713E3 4.3634
1.790441E3 4.5610
1.644569E3 4.9565
1.373794E3 5.9712
1.195859E3 6.9604
1.066621E3 7.9506
9.678692E2 8.9410
8.897500E2 9.9307
8.251311E2 10.9373
7.720245E2 11.9295
7.268570E2 12.9213
6.877915E2 13.9140
6.536201E2 14.9064
6.205793E2 15.9955
5.935249E2 17.0005
5.692602E2 17.9996
5.472830E2 18.9970
5.272071E2 19.9955
5.087641E2 20.9939
4.917662E2 21.9920
4.760178E2 22.9900
4.613789E2 23.9898
4.476946E2 24.9896
4.349056E2 25.9893
4.229156E2 26.9863
4.116387E2 27.9838
3.136079E2 40.0260
3.126775E2 40.1832
2.548333E2 52.1268
2.230878E2 61.5251
1.977684E2 71.3202
1.783109E2 80.8382
1.644471E2 89.0516
1.502826E2 99.0385
1.388311E2 108.6456
1.285523E2 118.7586
1.202205E2 128.2223
1.119148E2 139.0781
1.048444E2 149.6758
9.992680E1 157.9476
9.370363E1 169.6869
9.160278E1 174.0106
8.594040E1 186.7716
8.211752E1 196.4333
7.967736E1 203.1040
7.640813E1 212.7692
7.391526E1 220.7638
7.018838E1 233.8387
6.776042E1 243.2229
6.465719E1 256.3629
6.157137E1 270.9455
5.973094E1 280.4782
5.786570E1 290.8705
5.617576E1 301.0128
5.465594E1 310.7778
}
