breaktable(CX_LS_X107476) {
# Thermometre :	CX_LS_X107476
# Environment :	VA
# Date :	14/10/2015
# Function :	 logT = Sum ( Ai / logR^i )
# Coefficients :	
# A0=	-185.968986331160940E3
# A1=	5.543748515337488E6
# A2=	-73.390482687278271E6
# A3=	566.283117649326560E6
# A4=	-2.806541788720142E9
# A5=	9.264858640788921E9
# A6=	-20.371745595155613E9
# A7=	28.770001259306999E9
# A8=	-23.679445330071018E9
# A9=	8.654066182186905E9
# Rmes(Ohm) Tmes(K)
7.665296E3 1.6697
7.010621E3 1.7681
6.420691E3 1.8697
5.926609E3 1.9680
5.313393E3 2.1126
4.973041E3 2.2069
4.667601E3 2.3035
4.396482E3 2.3996
4.151904E3 2.4968
3.936066E3 2.5940
3.739589E3 2.6914
3.562588E3 2.7890
3.401264E3 2.8877
3.255068E3 2.9859
3.121581E3 3.0840
2.999960E3 3.1816
2.887303E3 3.2805
2.783965E3 3.3788
2.688825E3 3.4767
2.599639E3 3.5758
2.517564E3 3.6740
2.440579E3 3.7728
2.369203E3 3.8711
2.302466E3 3.9696
2.239452E3 4.0679
2.180834E3 4.1664
2.073057E3 4.3634
1.976718E3 4.5610
1.812303E3 4.9565
1.508019E3 5.9712
1.308980E3 6.9604
1.164596E3 7.9506
1.054853E3 8.9410
9.681637E2 9.9307
8.965808E2 10.9373
8.378787E2 11.9295
7.879705E2 12.9213
7.448661E2 13.9140
7.072066E2 14.9064
6.708397E2 15.9954
6.410794E2 17.0005
6.144157E2 17.9996
5.902802E2 18.9970
5.682491E2 19.9955
5.480325E2 20.9939
5.294090E2 21.9919
5.121639E2 22.9899
4.961464E2 23.9896
4.811766E2 24.9895
4.672026E2 25.9892
4.541023E2 26.9861
4.417918E2 27.9836
3.350410E2 40.0234
3.340305E2 40.1804
2.712937E2 52.1230
2.369487E2 61.5228
2.096145E2 71.3176
1.886480E2 80.8344
1.737295E2 89.0457
1.585034E2 99.0340
1.462083E2 108.6407
1.351846E2 118.7532
1.262623E2 128.2137
1.173721E2 139.0738
1.098132E2 149.6721
1.045598E2 157.9430
9.791677E1 169.6831
9.567627E1 174.0067
8.963787E1 186.7688
8.556468E1 196.4304
8.296599E1 203.1010
7.948531E1 212.7675
7.683442E1 220.7556
7.286867E1 233.8378
7.028699E1 243.2253
6.698951E1 256.3641
6.371169E1 270.9482
6.175705E1 280.4831
5.977705E1 290.8754
5.798404E1 301.0156
5.637077E1 310.7869
}
