breaktable(CX_LS_X104944) {
# Thermometre :	CX_LS_X104944
# Environment :	VA
# Date :	14/10/2015
# Function :	 logT = Sum ( Ai / logR^i )
# Coefficients :	
# A0=	-598.233410970214060E3
# A1=	19.877753139372028E6
# A2=	-293.296113617835640E6
# A3=	2.522171420360082E9
# A4=	-13.930262097329992E9
# A5=	51.244300156477043E9
# A6=	-125.552561562241970E9
# A7=	197.559673480146880E9
# A8=	-181.159146645906340E9
# A9=	73.757674875935928E9
# Rmes(Ohm) Tmes(K)
2.440154E4 1.6666
2.255094E4 1.7671
2.073703E4 1.8697
1.909775E4 1.9683
1.693548E4 2.1123
1.568530E4 2.2068
1.454686E4 2.3020
1.350729E4 2.3996
1.258277E4 2.4964
1.176021E4 2.5940
1.102111E4 2.6915
1.036052E4 2.7891
9.761152E3 2.8876
9.224391E3 2.9859
8.741129E3 3.0841
8.304315E3 3.1816
7.903185E3 3.2806
7.539159E3 3.3788
7.207917E3 3.4769
6.902653E3 3.5753
6.621534E3 3.6740
6.361665E3 3.7728
6.122872E3 3.8713
5.901501E3 3.9697
5.695494E3 4.0678
5.504520E3 4.1664
5.158548E3 4.3634
4.853853E3 4.5611
4.344921E3 4.9566
3.442558E3 5.9711
2.882260E3 6.9604
2.491765E3 7.9506
2.204405E3 8.9409
1.983798E3 9.9310
1.805236E3 10.9372
1.661751E3 11.9294
1.542082E3 12.9214
1.440300E3 13.9140
1.352598E3 14.9063
1.269197E3 15.9935
1.201546E3 16.9999
1.141674E3 17.9987
1.088014E3 18.9968
1.039550E3 19.9950
9.954559E2 20.9933
9.552079E2 21.9905
9.182382E2 22.9878
8.841712E2 23.9860
8.524467E2 24.9882
8.231215E2 25.9869
7.958216E2 26.9827
7.703297E2 27.9790
5.563626E2 39.9737
5.543884E2 40.1260
4.344415E2 52.0497
3.705185E2 61.4798
3.211216E2 71.2666
2.840485E2 80.7612
2.581060E2 88.9387
2.319438E2 98.9464
2.111617E2 108.5468
1.927955E2 118.6543
1.782208E2 128.0587
1.636719E2 138.9903
1.515405E2 149.6014
1.432091E2 157.8594
1.327483E2 169.6109
1.292613E2 173.9315
1.198845E2 186.7162
1.136240E2 196.3750
1.096588E2 203.0473
1.043693E2 212.7358
1.004326E2 220.5986
9.442972E1 233.8196
9.056470E1 243.2717
8.570703E1 256.3861
8.089229E1 270.9973
7.803237E1 280.5775
7.515884E1 290.9707
7.258350E1 301.0695
7.023717E1 310.9607
}
