breaktable(CX_LS_X105035) {
# Thermometre :	CX_LS_X105035
# Environment :	VA
# Date :	14/10/2015
# Function :	 logT = Sum ( Ai / logR^i )
# Coefficients :	
# A0=	-307.763755400530590E3
# A1=	10.062789502744419E6
# A2=	-146.132566845052090E6
# A3=	1.237054903673826E9
# A4=	-6.727143179633158E9
# A5=	24.370075807849586E9
# A6=	-58.811121500823769E9
# A7=	91.166906540008545E9
# A8=	-82.373316738275528E9
# A9=	33.052402387914551E9
# Rmes(Ohm) Tmes(K)
2.334952E4 1.6671
2.154076E4 1.7673
1.979442E4 1.8697
1.822112E4 1.9682
1.615040E4 2.1124
1.495533E4 2.2068
1.388957E4 2.3023
1.288197E4 2.3996
1.200935E4 2.4964
1.122617E4 2.5940
1.052518E4 2.6915
9.900207E3 2.7891
9.332072E3 2.8876
8.823174E3 2.9859
8.364278E3 3.0840
7.950469E3 3.1816
7.570354E3 3.2805
7.225375E3 3.3788
6.910303E3 3.4768
6.621071E3 3.5754
6.353710E3 3.6740
6.106353E3 3.7728
5.878407E3 3.8713
5.668978E3 3.9697
5.473828E3 4.0678
5.290851E3 4.1664
4.961023E3 4.3634
4.671027E3 4.5610
4.185442E3 4.9566
3.323759E3 5.9711
2.787197E3 6.9604
2.412660E3 7.9506
2.136459E3 8.9409
1.923911E3 9.9309
1.752147E3 10.9372
1.613929E3 11.9294
1.498549E3 12.9214
1.400376E3 13.9140
1.315719E3 14.9063
1.235125E3 15.9938
1.169747E3 17.0000
1.111879E3 17.9988
1.059988E3 18.9968
1.013093E3 19.9951
9.704065E2 20.9934
9.314303E2 21.9907
8.956115E2 22.9882
8.625927E2 23.9866
8.318622E2 24.9884
8.034228E2 25.9873
7.769431E2 26.9833
7.522067E2 27.9797
5.442896E2 39.9818
5.423681E2 40.1347
4.256045E2 52.0614
3.633641E2 61.4867
3.151687E2 71.2748
2.789601E2 80.7730
2.536053E2 88.9561
2.280345E2 98.9606
2.077027E2 108.5620
1.897241E2 118.6703
1.754370E2 128.0838
1.612044E2 139.0044
1.493174E2 149.6129
1.411506E2 157.8728
1.308971E2 169.6226
1.274755E2 173.9435
1.182822E2 186.7247
1.121457E2 196.3838
1.082538E2 203.0560
1.030587E2 212.7409
9.918397E1 220.6241
9.330130E1 233.8226
8.951019E1 243.2641
8.473647E1 256.3825
8.000834E1 270.9893
7.720053E1 280.5622
7.437748E1 290.9552
7.184423E1 301.0607
6.954322E1 310.9329
}
