breaktable(CX_LS_X107576) {
# Thermometre :	CX_LS_X107576
# Environment :	VA
# Date :	25/02/2016
# Function :	 logT = Sum ( Ai / logR^i )
# Coefficients :	
# A0=	36.443507658395632E3
# A1=	-1.252399201238105E6
# A2=	18.787235821359355E6
# A3=	-162.085933839981970E6
# A4=	888.682057375148300E6
# A5=	-3.217361130380227E9
# A6=	7.702534782143907E9
# A7=	-11.771606395327045E9
# A8=	10.430052729986086E9
# A9=	-4.084974189956051E9
# Rmes(Ohm) Tmes(K)
8.190708E3 1.5952
7.672778E3 1.6652
6.990356E3 1.7685
6.423639E3 1.8671
5.932580E3 1.9663
5.323477E3 2.1090
4.988660E3 2.2021
4.678670E3 2.2996
4.407480E3 2.3955
4.167302E3 2.4919
3.948315E3 2.5894
3.753728E3 2.6872
3.570543E3 2.7867
3.409987E3 2.8856
3.261395E3 2.9837
3.129471E3 3.0823
3.007972E3 3.1800
2.895230E3 3.2785
2.792124E3 3.3766
2.696996E3 3.4745
2.608355E3 3.5730
2.526060E3 3.6709
2.449194E3 3.7693
2.378062E3 3.8667
2.377937E3 3.8671
2.311085E3 3.9654
2.248813E3 4.0629
2.189850E3 4.1608
1.985188E3 4.5552
1.984312E3 4.5568
1.819526E3 4.9519
1.513517E3 5.9684
1.313710E3 6.9574
1.168826E3 7.9477
1.058499E3 8.9381
9.714061E2 9.9281
8.994117E2 10.9344
8.402636E2 11.9274
7.898125E2 12.9241
7.467391E2 13.9116
7.089914E2 14.9021
6.723776E2 15.9931
6.424393E2 16.9987
6.156748E2 17.9961
5.915519E2 18.9883
5.694027E2 19.9851
5.490632E2 20.9843
5.301850E2 21.9899
5.128624E2 22.9866
4.967867E2 23.9827
4.817003E2 24.9869
4.676708E2 25.9837
4.545202E2 26.9808
4.421526E2 27.9770
4.304385E2 28.9770
4.204809E2 29.8789
3.688668E2 35.3879
3.349938E2 39.9991
2.732787E2 51.5531
2.389378E2 60.7327
2.113915E2 70.3557
1.901617E2 79.7451
1.747205E2 88.0521
1.601802E2 97.3602
1.476701E2 106.8442
1.366338E2 116.6553
1.269029E2 126.7197
1.188216E2 136.3155
1.110759E2 146.8040
1.058485E2 154.7517
9.876676E1 166.8582
9.701175E1 170.1427
9.119755E1 181.9121
8.673339E1 192.0380
8.414955E1 198.4131
8.052440E1 208.0611
7.797648E1 215.3994
7.421486E1 227.2206
7.150886E1 236.5473
6.815734E1 249.2223
6.301390E1 271.5846
6.173234E1 277.8215
5.951491E1 289.3244
5.923116E1 290.8604
5.582316E1 310.8438
}
