breaktable(CX_LS_X107559) {
# Thermometre :	CX_LS_X107559
# Environment :	VA
# Date :	25/02/2016
# Function :	 logT = Sum ( Ai / logR^i )
# Coefficients :	
# A0=	-65.922320396205934E3
# A1=	1.902788511567093E6
# A2=	-24.355070391792402E6
# A3=	181.399049997480270E6
# A4=	-866.222290048107980E6
# A5=	2.749566757293210E9
# A6=	-5.799983434823494E9
# A7=	7.837834143669634E9
# A8=	-6.155030907690147E9
# A9=	2.139252204407678E9
# Rmes(Ohm) Tmes(K)
8.722512E3 1.5948
8.164169E3 1.6653
7.434688E3 1.7685
6.826148E3 1.8672
6.292359E3 1.9663
5.647047E3 2.1091
5.291477E3 2.2020
4.954663E3 2.2997
4.665299E3 2.3955
4.405031E3 2.4919
4.174710E3 2.5895
3.961775E3 2.6871
3.772749E3 2.7867
3.596179E3 2.8856
3.442230E3 2.9837
3.298727E3 3.0823
3.169374E3 3.1800
3.049520E3 3.2785
2.940111E3 3.3766
2.838785E3 3.4745
2.744344E3 3.5730
2.657181E3 3.6709
2.575750E3 3.7694
2.500246E3 3.8667
2.500199E3 3.8671
2.429083E3 3.9654
2.363105E3 4.0629
2.300578E3 4.1608
2.084064E3 4.5552
2.083113E3 4.5568
1.908798E3 4.9519
1.585932E3 5.9684
1.375466E3 6.9574
1.223073E3 7.9477
1.107159E3 8.9381
1.015739E3 9.9280
9.402199E2 10.9344
8.782665E2 11.9255
8.253362E2 12.9244
7.803223E2 13.9116
7.406958E2 14.9020
7.023900E2 15.9928
6.710972E2 16.9986
6.430962E2 17.9964
6.178836E2 18.9881
5.947624E2 19.9850
5.734855E2 20.9841
5.537653E2 21.9897
5.356648E2 22.9863
5.188669E2 23.9822
5.030920E2 24.9868
4.884400E2 25.9833
4.747015E2 26.9803
4.617826E2 27.9762
4.495407E2 28.9765
4.391373E2 29.8806
3.852457E2 35.3847
3.498553E2 39.9964
2.853887E2 51.5507
2.495172E2 60.7290
2.207332E2 70.3516
1.985646E2 79.7323
1.824234E2 88.0409
1.672186E2 97.3518
1.541408E2 106.8342
1.426017E2 116.6461
1.324271E2 126.7112
1.239785E2 136.3039
1.158743E2 146.7961
1.104075E2 154.7431
1.029994E2 166.8509
1.011635E2 170.1369
9.508357E1 181.9031
9.041210E1 192.0318
8.770892E1 198.4089
8.391359E1 208.0643
8.125146E1 215.3960
7.731550E1 227.2202
7.448166E1 236.5555
7.097742E1 249.2272
6.559841E1 271.5854
6.425823E1 277.8211
6.193284E1 289.3500
6.163794E1 290.8776
5.807201E1 310.8701
}
