breaktable(CX_LS_X107574) {
# Thermometre :	CX_LS_X107574
# Environment :	VA
# Date :	25/02/2016
# Function :	 logT = Sum ( Ai / logR^i )
# Coefficients :	
# A0=	-302.514967857116080E3
# A1=	9.144437071857402E6
# A2=	-122.747492824368570E6
# A3=	960.283549124923110E6
# A4=	-4.825077997146917E9
# A5=	16.147767745635069E9
# A6=	-35.992868964408134E9
# A7=	51.524738430169128E9
# A8=	-42.984085420570106E9
# A9=	15.921667802921413E9
# Rmes(Ohm) Tmes(K)
8.469610E3 1.5950
7.927131E3 1.6652
7.214414E3 1.7685
6.622584E3 1.8672
6.106038E3 1.9663
5.474591E3 2.1091
5.130392E3 2.2020
4.809023E3 2.2996
4.526519E3 2.3955
4.277019E3 2.4919
4.050469E3 2.5895
3.843884E3 2.6871
3.659059E3 2.7867
3.491334E3 2.8856
3.340280E3 2.9837
3.201729E3 3.0823
3.076007E3 3.1800
2.959972E3 3.2785
2.853698E3 3.3766
2.755499E3 3.4745
2.664365E3 3.5730
2.579607E3 3.6709
2.500714E3 3.7694
2.427436E3 3.8667
2.427447E3 3.8671
2.358610E3 3.9654
2.294483E3 4.0629
2.233850E3 4.1608
2.023774E3 4.5552
2.023087E3 4.5568
1.853967E3 4.9519
1.540563E3 5.9684
1.336323E3 6.9574
1.188427E3 7.9477
1.075911E3 8.9381
9.871696E2 9.9280
9.138538E2 10.9344
8.536766E2 11.9268
8.023293E2 12.9242
7.585614E2 13.9116
7.201787E2 14.9021
6.829553E2 15.9930
6.525517E2 16.9987
6.253544E2 17.9962
6.008687E2 18.9882
5.783777E2 19.9851
5.577305E2 20.9842
5.385696E2 21.9899
5.209861E2 22.9865
5.046707E2 23.9825
4.893560E2 24.9869
4.751229E2 25.9836
4.617756E2 26.9807
4.492282E2 27.9768
4.373401E2 28.9768
4.272346E2 29.8794
3.748645E2 35.3868
3.404852E2 39.9982
2.778340E2 51.5523
2.429588E2 60.7315
2.149706E2 70.3544
1.933997E2 79.7411
1.777003E2 88.0486
1.629098E2 97.3575
1.501828E2 106.8411
1.389497E2 116.6524
1.290430E2 126.7170
1.208137E2 136.3118
1.129225E2 146.8015
1.075967E2 154.7490
1.003796E2 166.8559
9.859083E1 170.1409
9.266458E1 181.9092
8.811292E1 192.0360
8.547815E1 198.4117
8.178033E1 208.0621
7.918233E1 215.3983
7.534487E1 227.2205
7.258306E1 236.5499
6.916378E1 249.2238
6.391449E1 271.5848
6.260650E1 277.8214
6.034098E1 289.3318
6.005181E1 290.8658
5.657155E1 310.8521
}
