breaktable(CX_LS_X107572) {
# Thermometre :	CX_LS_X107572
# Environment :	VA
# Date :	25/02/2016
# Function :	 logT = Sum ( Ai / logR^i )
# Coefficients :	
# A0=	-241.384031227186850E3
# A1=	7.204380358979017E6
# A2=	-95.493017101752937E6
# A3=	737.756947677593830E6
# A4=	-3.661030940175372E9
# A5=	12.101037525210463E9
# A6=	-26.641534311553852E9
# A7=	37.671157903073173E9
# A8=	-31.043128366550713E9
# A9=	11.358523621764435E9
# Rmes(Ohm) Tmes(K)
7.159065E3 1.5957
6.711394E3 1.6652
6.117788E3 1.7685
5.627456E3 1.8671
5.199677E3 1.9663
4.681844E3 2.1090
4.397869E3 2.2021
4.127915E3 2.2996
3.896096E3 2.3955
3.685999E3 2.4919
3.499124E3 2.5894
3.328089E3 2.6873
3.171714E3 2.7868
3.032705E3 2.8856
2.905488E3 2.9837
2.789503E3 3.0823
2.684326E3 3.1801
2.586650E3 3.2785
2.496941E3 3.3766
2.413848E3 3.4745
2.336944E3 3.5730
2.265110E3 3.6709
2.198181E3 3.7693
2.136131E3 3.8667
2.135999E3 3.8671
2.077579E3 3.9654
2.022915E3 4.0629
1.971418E3 4.1608
1.792123E3 4.5552
1.791152E3 4.5568
1.646410E3 4.9519
1.376261E3 5.9683
1.199093E3 6.9574
1.070150E3 7.9477
9.716842E2 8.9381
8.937693E2 9.9281
8.291988E2 10.9344
7.759797E2 11.9299
7.306848E2 12.9238
6.918379E2 13.9116
6.577760E2 14.9021
6.246551E2 15.9934
5.975815E2 16.9988
5.733602E2 17.9957
5.514476E2 18.9884
5.313586E2 19.9853
5.128684E2 20.9847
4.957038E2 21.9902
4.799305E2 22.9870
4.652780E2 23.9835
4.515304E2 24.9872
4.387252E2 25.9842
4.267092E2 26.9817
4.154031E2 27.9780
4.046977E2 28.9777
3.955808E2 29.8765
3.482242E2 35.3921
3.170851E2 40.0026
2.601262E2 51.5563
2.282979E2 60.7379
2.026992E2 70.3616
1.829029E2 79.7623
1.684928E2 88.0674
1.549002E2 97.3717
1.431796E2 106.8577
1.328259E2 116.6683
1.236872E2 126.7316
1.160833E2 136.3317
1.087947E2 146.8148
1.038671E2 154.7633
9.718700E1 166.8682
9.553070E1 170.1510
9.003599E1 181.9248
8.581773E1 192.0465
8.337398E1 198.4189
7.994702E1 208.0567
7.753042E1 215.4041
7.396755E1 227.2212
7.140585E1 236.5361
6.822517E1 249.2158
6.334222E1 271.5834
6.212520E1 277.8221
6.002725E1 289.2892
5.975564E1 290.8370
5.652139E1 310.8077
}
