breaktable(CX_LS_X107590) {
# Thermometre :	CX_LS_X107590
# Environment :	VA
# Date :	25/02/2016
# Function :	 logT = Sum ( Ai / logR^i )
# Coefficients :	
# A0=	137.838636198231660E3
# A1=	-4.297690601342426E6
# A2=	59.390262591069445E6
# A3=	-477.520381470866020E6
# A4=	2.462241065681232E9
# A5=	-8.444680396165307E9
# A6=	19.266370315652431E9
# A7=	-28.198762730713787E9
# A8=	24.027830247308910E9
# A9=	-9.082148243204445E9
# Rmes(Ohm) Tmes(K)
8.318259E3 1.5960
7.795638E3 1.6651
7.096823E3 1.7685
6.516721E3 1.8671
6.011825E3 1.9663
5.398803E3 2.1090
5.052119E3 2.2021
4.736192E3 2.2995
4.460844E3 2.3955
4.213496E3 2.4919
3.991484E3 2.5893
3.788962E3 2.6873
3.605682E3 2.7868
3.442578E3 2.8856
3.293670E3 2.9837
3.157146E3 3.0823
3.033965E3 3.1801
2.919774E3 3.2784
2.814701E3 3.3766
2.718207E3 3.4745
2.628193E3 3.5730
2.544888E3 3.6709
2.467312E3 3.7693
2.395092E3 3.8667
2.394873E3 3.8671
2.327262E3 3.9654
2.263933E3 4.0629
2.204399E3 4.1608
1.997238E3 4.5552
1.996455E3 4.5568
1.829817E3 4.9519
1.520831E3 5.9683
1.319332E3 6.9574
1.173349E3 7.9477
1.062296E3 8.9381
9.747096E2 9.9281
9.023122E2 10.9344
8.427347E2 11.9312
7.922135E2 12.9237
7.490236E2 13.9116
7.110788E2 14.9021
6.743034E2 15.9936
6.442941E2 16.9988
6.174837E2 17.9955
5.932667E2 18.9885
5.710812E2 19.9854
5.506682E2 20.9849
5.317511E2 21.9903
5.143853E2 22.9873
4.982718E2 23.9839
4.831695E2 24.9873
4.691118E2 25.9845
4.559311E2 26.9821
4.435388E2 27.9786
4.318178E2 28.9781
4.218401E2 29.8753
3.701059E2 35.3943
3.362040E2 40.0044
2.744010E2 51.5580
2.399882E2 60.7407
2.123866E2 70.3646
1.910761E2 79.7716
1.756026E2 88.0756
1.610319E2 97.3777
1.484865E2 106.8650
1.374179E2 116.6751
1.276586E2 126.7379
1.195469E2 136.3404
1.117816E2 146.8206
1.065346E2 154.7696
9.942725E1 166.8735
9.766606E1 170.1553
9.182496E1 181.9315
8.734557E1 192.0510
8.475166E1 198.4220
8.111712E1 208.0543
7.855243E1 215.4067
7.477575E1 227.2215
7.206277E1 236.5302
6.869264E1 249.2123
6.352174E1 271.5828
6.223367E1 277.8224
6.001619E1 289.2705
5.972790E1 290.8244
5.630570E1 310.7890
}
