breaktable(CX_LS_X105606) {
# Thermometre :	CX_LS_X105606
# Environment :	VA
# Date :	25/02/2016
# Function :	 logT = Sum ( Ai / logR^i )
# Coefficients :	
# A0=	-792.240281241886200E3
# A1=	26.412947667693336E6
# A2=	-391.024676367622730E6
# A3=	3.373710929125860E9
# A4=	-18.694635452506851E9
# A5=	68.995132604282043E9
# A6=	-169.592211470555880E9
# A7=	267.719319942363920E9
# A8=	-246.284836135511990E9
# A9=	100.595064036663060E9
# Rmes(Ohm) Tmes(K)
2.532637E4 1.5979
2.410363E4 1.6649
2.221142E4 1.7685
2.047498E4 1.8671
1.883233E4 1.9663
1.670817E4 2.1089
1.549626E4 2.2022
1.433331E4 2.2993
1.331923E4 2.3955
1.240819E4 2.4919
1.159780E4 2.5890
1.085112E4 2.6876
1.019495E4 2.7869
9.596970E3 2.8855
9.073863E3 2.9837
8.591326E3 3.0823
8.159922E3 3.1802
7.767880E3 3.2783
7.409427E3 3.3766
7.082370E3 3.4745
6.781489E3 3.5729
6.506154E3 3.6709
6.251548E3 3.7692
6.017438E3 3.8667
6.017439E3 3.8671
5.799286E3 3.9653
5.597230E3 4.0630
5.409070E3 4.1608
4.767041E3 4.5552
4.764798E3 4.5568
4.263701E3 4.9519
3.373338E3 5.9682
2.821752E3 6.9574
2.437726E3 7.9477
2.155066E3 8.9382
1.937860E3 9.9283
1.762516E3 10.9345
1.619960E3 11.9401
1.503462E3 12.9225
1.404123E3 13.9116
1.318244E3 14.9022
1.236327E3 15.9949
1.170153E3 16.9992
1.111874E3 17.9942
1.059584E3 18.9891
1.012283E3 19.9861
9.692037E2 20.9861
9.296026E2 21.9912
8.935469E2 22.9887
8.603397E2 23.9866
8.295425E2 24.9882
8.010049E2 25.9864
7.744427E2 26.9849
7.496409E2 27.9822
7.263686E2 28.9805
7.069532E2 29.8672
6.059820E2 35.4092
5.418775E2 40.0168
4.283718E2 51.5692
3.671587E2 60.7587
3.192189E2 70.3848
2.828188E2 79.8321
2.569184E2 88.1284
2.328895E2 97.4177
2.124376E2 106.9125
1.946122E2 116.7195
1.790764E2 126.7791
1.662819E2 136.3963
1.542036E2 146.8583
1.460819E2 154.8103
1.351828E2 166.9084
1.324994E2 170.1836
1.236278E2 181.9751
1.168868E2 192.0807
1.130038E2 198.4421
1.076042E2 208.0389
1.037802E2 215.4232
9.820871E1 227.2235
9.423978E1 236.4916
8.930438E1 249.1893
8.179179E1 271.5788
7.993067E1 277.8245
7.677202E1 289.1489
7.634866E1 290.7428
7.145922E1 310.6641
}
