breaktable(CX_LS_X104975) {
# Thermometre :	CX_LS_X104975
# Environment :	VA
# Date :	14/10/2015
# Function :	 logT = Sum ( Ai / logR^i )
# Coefficients :	
# A0=	-475.624511391565090E3
# A1=	15.722947748945616E6
# A2=	-230.849782606029330E6
# A3=	1.975777503439949E9
# A4=	-10.862937838978689E9
# A5=	39.787161031497177E9
# A6=	-97.077283028243545E9
# A7=	152.149544525888120E9
# A8=	-138.994920475898040E9
# A9=	56.389516269483475E9
# Rmes(Ohm) Tmes(K)
2.368041E4 1.6668
2.188233E4 1.7672
2.012970E4 1.8697
1.854408E4 1.9683
1.646163E4 2.1124
1.525502E4 2.2068
1.416122E4 2.3021
1.315361E4 2.3996
1.226365E4 2.4964
1.146643E4 2.5940
1.075663E4 2.6915
1.011544E4 2.7891
9.539830E3 2.8876
9.021130E3 2.9859
8.553782E3 3.0840
8.131886E3 3.1816
7.743208E3 3.2806
7.391521E3 3.3788
7.070083E3 3.4768
6.775383E3 3.5754
6.501679E3 3.6740
6.249692E3 3.7728
6.017284E3 3.8713
5.802819E3 3.9697
5.602817E3 4.0678
5.416739E3 4.1664
5.079672E3 4.3634
4.783667E3 4.5610
4.287683E3 4.9566
3.406736E3 5.9711
2.858093E3 6.9604
2.475318E3 7.9506
2.192652E3 8.9409
1.975149E3 9.9310
1.799463E3 10.9372
1.657904E3 11.9294
1.539670E3 12.9214
1.439076E3 13.9140
1.352333E3 14.9063
1.269672E3 15.9937
1.202726E3 16.9999
1.143379E3 17.9987
1.090157E3 18.9968
1.042057E3 19.9951
9.982702E2 20.9933
9.582802E2 21.9906
9.215262E2 22.9880
8.876416E2 23.9862
8.560836E2 24.9883
8.268909E2 25.9871
7.997062E2 26.9830
7.743064E2 27.9793
5.606987E2 39.9773
5.587220E2 40.1299
4.386110E2 52.0549
3.745010E2 61.4830
3.248604E2 71.2702
2.875544E2 80.7664
2.614215E2 88.9465
2.350454E2 98.9527
2.140692E2 108.5536
1.955156E2 118.6614
1.807800E2 128.0699
1.660787E2 138.9970
1.538055E2 149.6065
1.453705E2 157.8653
1.347768E2 169.6161
1.312436E2 173.9367
1.217392E2 186.7198
1.153891E2 196.3788
1.113658E2 203.0512
1.059979E2 212.7380
1.019961E2 220.6099
9.590421E1 233.8210
9.197892E1 243.2683
8.703985E1 256.3845
8.214399E1 270.9937
7.923506E1 280.5707
7.631093E1 290.9638
7.368806E1 301.0656
7.130091E1 310.9486
}
