breaktable(CX_LS_X104943) {
# Thermometre :	CX_LS_X104943
# Environment :	VA
# Date :	14/10/2015
# Function :	 logT = Sum ( Ai / logR^i )
# Coefficients :	
# A0=	-755.379732143457050E3
# A1=	25.222919136502184E6
# A2=	-374.034228541224960E6
# A3=	3.232964670050318E9
# A4=	-17.949476552191639E9
# A5=	66.381843519226089E9
# A6=	-163.525607418178890E9
# A7=	258.737926127196840E9
# A8=	-238.598988801842470E9
# A9=	97.702726824611114E9
# Rmes(Ohm) Tmes(K)
2.395333E4 1.6665
2.215775E4 1.7671
2.039226E4 1.8697
1.879196E4 1.9683
1.669251E4 2.1123
1.546782E4 2.2068
1.436229E4 2.3020
1.334012E4 2.3996
1.244167E4 2.4964
1.163035E4 2.5940
1.090891E4 2.6915
1.026200E4 2.7891
9.673034E3 2.8876
9.147744E3 2.9859
8.671884E3 3.0841
8.242657E3 3.1816
7.848334E3 3.2806
7.490395E3 3.3788
7.164287E3 3.4769
6.864005E3 3.5753
6.586231E3 3.6740
6.330498E3 3.7728
6.094860E3 3.8713
5.876765E3 3.9697
5.673862E3 4.0678
5.484795E3 4.1665
5.143021E3 4.3634
4.842108E3 4.5611
4.338573E3 4.9566
3.444903E3 5.9711
2.888856E3 6.9604
2.501498E3 7.9506
2.215261E3 8.9409
1.994942E3 9.9310
1.817090E3 10.9372
1.673842E3 11.9294
1.554227E3 12.9214
1.452489E3 13.9140
1.364747E3 14.9063
1.281239E3 15.9935
1.213506E3 16.9999
1.153501E3 17.9987
1.099704E3 18.9968
1.051093E3 19.9950
1.006842E3 20.9933
9.664371E2 21.9905
9.293108E2 22.9878
8.950836E2 23.9859
8.631967E2 24.9881
8.337143E2 25.9869
8.062582E2 26.9827
7.806131E2 27.9789
5.650197E2 39.9729
5.630270E2 40.1249
4.418505E2 52.0482
3.771523E2 61.4791
3.271016E2 71.2656
2.895007E2 80.7599
2.631678E2 88.9369
2.365943E2 98.9449
2.154693E2 108.5452
1.967817E2 118.6526
1.819437E2 128.0561
1.671173E2 138.9884
1.547473E2 149.6002
1.462492E2 157.8577
1.355730E2 169.6096
1.320131E2 173.9300
1.224369E2 186.7151
1.160400E2 196.3740
1.119873E2 203.0464
1.065792E2 212.7352
1.025545E2 220.5958
9.641229E1 233.8193
9.245613E1 243.2725
8.748343E1 256.3864
8.255226E1 270.9982
7.962227E1 280.5791
7.667768E1 290.9723
7.403835E1 301.0704
7.163197E1 310.9643
}
