breaktable(CX_LS_X104980) {
# Thermometre :	CX_LS_X104980
# Environment :	VA
# Date :	14/10/2015
# Function :	 logT = Sum ( Ai / logR^i )
# Coefficients :	
# A0=	-397.579366439632200E3
# A1=	12.994401829377228E6
# A2=	-188.627439908235160E6
# A3=	1.596084803757699E9
# A4=	-8.675540887328794E9
# A5=	31.413183511220810E9
# A6=	-75.769510394900803E9
# A7=	117.393329975559840E9
# A8=	-106.012150442026120E9
# A9=	42.513534253368217E9
# Rmes(Ohm) Tmes(K)
2.135683E4 1.6669
1.967680E4 1.7672
1.807441E4 1.8697
1.663722E4 1.9683
1.475882E4 2.1124
1.367971E4 2.2068
1.270436E4 2.3022
1.181726E4 2.3996
1.103069E4 2.4964
1.032735E4 2.5940
9.697932E3 2.6915
9.133453E3 2.7891
8.622383E3 2.8876
8.163984E3 2.9859
7.749487E3 3.0840
7.375557E3 3.1816
7.030930E3 3.2805
6.718414E3 3.3788
6.432678E3 3.4768
6.169704E3 3.5754
5.927212E3 3.6740
5.702479E3 3.7728
5.495004E3 3.8713
5.303978E3 3.9697
5.125512E3 4.0678
4.958533E3 4.1664
4.656665E3 4.3634
4.391255E3 4.5610
3.945662E3 4.9566
3.150451E3 5.9711
2.653069E3 6.9604
2.304113E3 7.9506
2.045948E3 8.9409
1.846743E3 9.9310
1.685449E3 10.9372
1.555151E3 11.9294
1.446245E3 12.9214
1.353388E3 13.9140
1.273236E3 14.9063
1.196695E3 15.9937
1.134676E3 16.9999
1.079613E3 17.9988
1.030193E3 18.9968
9.854792E2 19.9951
9.447387E2 20.9934
9.074990E2 21.9907
8.732449E2 22.9881
8.416382E2 23.9864
8.121897E2 24.9883
7.849243E2 25.9872
7.595105E2 26.9831
7.357590E2 27.9795
5.353321E2 39.9791
5.334715E2 40.1317
4.201981E2 52.0574
3.595505E2 61.4845
3.124693E2 71.2721
2.770138E2 80.7690
2.521381E2 88.9502
2.270019E2 98.9558
2.069887E2 108.5569
1.892617E2 118.6649
1.751548E2 128.0753
1.610686E2 138.9999
1.492916E2 149.6090
1.411912E2 157.8684
1.310081E2 169.6186
1.276079E2 173.9396
1.184614E2 186.7218
1.123454E2 196.3809
1.084680E2 203.0531
1.032924E2 212.7392
9.942964E1 220.6154
9.355152E1 233.8216
8.976173E1 243.2667
8.498812E1 256.3837
8.025478E1 270.9920
7.744112E1 280.5674
7.461157E1 290.9604
7.207200E1 301.0637
6.976101E1 310.9425
}
