breaktable(CX_LS_X107474) {
# Thermometre :	CX_LS_X107474
# Environment :	VA
# Date :	14/10/2015
# Function :	 logT = Sum ( Ai / logR^i )
# Coefficients :	
# A0=	-134.406419026669550E3
# A1=	3.987543661994251E6
# A2=	-52.513697003201872E6
# A3=	402.894812678098260E6
# A4=	-1.984426889170619E9
# A5=	6.506899860218496E9
# A6=	-14.203226643328196E9
# A7=	19.900265844276310E9
# A8=	-16.239475463828403E9
# A9=	5.880402898023289E9
# Rmes(Ohm) Tmes(K)
8.413572E3 1.6696
7.690504E3 1.7680
7.037013E3 1.8697
6.486585E3 1.9681
5.806808E3 2.1125
5.426339E3 2.2069
5.086781E3 2.3035
4.784676E3 2.3996
4.515661E3 2.4967
4.273858E3 2.5940
4.057145E3 2.6914
3.860729E3 2.7890
3.681483E3 2.8877
3.520199E3 2.9859
3.373237E3 3.0840
3.239214E3 3.1816
3.114758E3 3.2805
3.000836E3 3.3788
2.896035E3 3.4767
2.798173E3 3.5758
2.708036E3 3.6740
2.623668E3 3.7728
2.545245E3 3.8711
2.471866E3 3.9697
2.403273E3 4.0679
2.338887E3 4.1664
2.221048E3 4.3634
2.115974E3 4.5610
1.936605E3 4.9565
1.605826E3 5.9712
1.390310E3 6.9604
1.234371E3 7.9506
1.116079E3 8.9410
1.022981E3 9.9307
9.460687E2 10.9373
8.830989E2 11.9295
8.296790E2 12.9213
7.835983E2 13.9140
7.433800E2 14.9064
7.045575E2 15.9953
6.728190E2 17.0004
6.444145E2 17.9995
6.187266E2 18.9970
5.952931E2 19.9954
5.737986E2 20.9939
5.540140E2 21.9919
5.357078E2 22.9898
5.187107E2 23.9895
5.028348E2 24.9894
4.880240E2 25.9891
4.741458E2 26.9860
4.611101E2 27.9834
3.483718E2 40.0216
3.473073E2 40.1783
2.813065E2 52.1203
2.452647E2 61.5212
2.166369E2 71.3157
1.947138E2 80.8318
1.791341E2 89.0420
1.632505E2 99.0307
1.504406E2 108.6374
1.389669E2 118.7497
1.296909E2 128.2084
1.204511E2 139.0707
1.126040E2 149.6697
1.071545E2 157.9401
1.002670E2 169.6806
9.794545E1 174.0039
9.169156E1 186.7670
8.747604E1 196.4285
8.478749E1 203.0991
8.118772E1 212.7664
7.844911E1 220.7497
7.435005E1 233.8371
7.168325E1 243.2270
6.827958E1 256.3649
6.489730E1 270.9499
6.288101E1 280.4867
6.083922E1 290.8790
5.899092E1 301.0175
5.732708E1 310.7930
}
