breaktable(CX_LS_X105609) {
# Thermometre :	CX_LS_X105609
# Environment :	VA
# Date :	25/02/2016
# Function :	 logT = Sum ( Ai / logR^i )
# Coefficients :	
# A0=	-358.097967949275220E3
# A1=	11.411653809508186E6
# A2=	-161.507060681090330E6
# A3=	1.332340090279265E9
# A4=	-7.059997848262381E9
# A5=	24.919742037336082E9
# A6=	-58.589898031267929E9
# A7=	88.478931923057983E9
# A8=	-77.873603961187485E9
# A9=	30.434664767447395E9
# Rmes(Ohm) Tmes(K)
1.636338E4 1.5979
1.545067E4 1.6649
1.410694E4 1.7685
1.293599E4 1.8671
1.187787E4 1.9663
1.055275E4 2.1089
9.806211E3 2.2022
9.118840E3 2.2993
8.508690E3 2.3955
7.976627E3 2.4919
7.488908E3 2.5890
7.051794E3 2.6876
6.656397E3 2.7869
6.308015E3 2.8855
5.991274E3 2.9837
5.703920E3 3.0823
5.444565E3 3.1802
5.207842E3 3.2783
4.990340E3 3.3766
4.792214E3 3.4745
4.608102E3 3.5729
4.438964E3 3.6709
4.282171E3 3.7692
4.136733E3 3.8667
4.136608E3 3.8671
4.000631E3 3.9653
3.875495E3 4.0630
3.757566E3 4.1608
3.352532E3 4.5552
3.350974E3 4.5568
3.030948E3 4.9519
2.451050E3 5.9682
2.083997E3 6.9574
1.824007E3 7.9477
1.629922E3 8.9382
1.479044E3 9.9283
1.356020E3 10.9345
1.255077E3 11.9403
1.172007E3 12.9225
1.100592E3 13.9116
1.038615E3 14.9022
9.788685E2 15.9949
9.305527E2 16.9992
8.877370E2 17.9942
8.490840E2 18.9891
8.140137E2 19.9861
7.818994E2 20.9861
7.522996E2 21.9913
7.252360E2 22.9888
7.002200E2 23.9867
6.769412E2 24.9883
6.553012E2 25.9864
6.350948E2 26.9850
6.161715E2 27.9823
5.983642E2 28.9805
5.834803E2 29.8670
5.054068E2 35.4096
4.552849E2 40.0171
3.653076E2 51.5695
3.160435E2 60.7592
2.770448E2 70.3853
2.471506E2 79.8337
2.257174E2 88.1297
2.057007E2 97.4187
1.885516E2 106.9137
1.735155E2 116.7207
1.603356E2 126.7802
1.494251E2 136.3978
1.390744E2 146.8593
1.320882E2 154.8114
1.226710E2 166.9094
1.203460E2 170.1844
1.126389E2 181.9763
1.067619E2 192.0815
1.033682E2 198.4426
9.863872E1 208.0385
9.528099E1 215.4236
9.037748E1 227.2236
8.687585E1 236.4906
8.251087E1 249.1887
7.584305E1 271.5787
7.418468E1 277.8246
7.136890E1 289.1457
7.099070E1 290.7406
6.661945E1 310.6608
}
