breaktable(CX_LS_X107511) {
# Thermometre :	CX_LS_X107511
# Environment :	VA
# Date :	14/10/2015
# Function :	 logT = Sum ( Ai / logR^i )
# Coefficients :	
# A0=	-63.566142617438105E3
# A1=	1.825708459308870E6
# A2=	-23.258810977545239E6
# A3=	172.472705427448690E6
# A4=	-820.269149225483180E6
# A5=	2.594277200862141E9
# A6=	-5.455342786830744E9
# A7=	7.353503639922177E9
# A8=	-5.764235377625309E9
# A9=	2.001514497880700E9
# Rmes(Ohm) Tmes(K)
7.553137E3 1.6701
6.914245E3 1.7682
6.339215E3 1.8697
5.857526E3 1.9680
5.258508E3 2.1126
4.923861E3 2.2070
4.623836E3 2.3037
4.359073E3 2.3995
4.120561E3 2.4968
3.908170E3 2.5939
3.715100E3 2.6914
3.541779E3 2.7890
3.382288E3 2.8877
3.238335E3 2.9859
3.107526E3 3.0840
2.988194E3 3.1816
2.876697E3 3.2805
2.774755E3 3.3789
2.680821E3 3.4767
2.592888E3 3.5759
2.511864E3 3.6741
2.435940E3 3.7728
2.365424E3 3.8711
2.299439E3 3.9696
2.237418E3 4.0680
2.179259E3 4.1664
2.072571E3 4.3634
1.977332E3 4.5610
1.814418E3 4.9565
1.512512E3 5.9712
1.314629E3 6.9604
1.171023E3 7.9506
1.061414E3 8.9410
9.749579E2 9.9307
9.033799E2 10.9373
8.446124E2 11.9295
7.947134E2 12.9212
7.515639E2 13.9141
7.138335E2 14.9064
6.773531E2 15.9956
6.475223E2 17.0005
6.207693E2 17.9997
5.965441E2 18.9970
5.744233E2 19.9955
5.541098E2 20.9939
5.353946E2 21.9921
5.180576E2 22.9901
5.019473E2 23.9901
4.868913E2 24.9897
4.728299E2 25.9895
4.596429E2 26.9866
4.472464E2 27.9841
3.395902E2 40.0295
3.385701E2 40.1870
2.751947E2 52.1320
2.404710E2 61.5281
2.127965E2 71.3237
1.915478E2 80.8435
1.764205E2 89.0590
1.609806E2 99.0449
1.485053E2 108.6524
1.373162E2 118.7655
1.282501E2 128.2330
1.192262E2 139.0841
1.115456E2 149.6809
1.062054E2 157.9534
9.945249E1 169.6921
9.717323E1 174.0158
9.103334E1 186.7754
8.688997E1 196.4374
8.424591E1 203.1077
8.070497E1 212.7715
7.800312E1 220.7752
7.397095E1 233.8400
7.134452E1 243.2195
6.798618E1 256.3614
6.464835E1 270.9420
6.265805E1 280.4716
6.064092E1 290.8639
5.881272E1 301.0089
5.716990E1 310.7652
}
