breaktable(CX_LS_X106501) {
# Thermometre :	CX_LS_X106501
# Environment :	VA
# Date :	14/10/2015
# Function :	 logT = Sum ( Ai / logR^i )
# Coefficients :	
# A0=	-4.741533410366202E3
# A1=	-26.991498029810908E3
# A2=	2.864391508259485E6
# A3=	-43.815866287896447E6
# A4=	337.696878541028380E6
# A5=	-1.559627240167660E9
# A6=	4.520718830778167E9
# A7=	-8.101228378014697E9
# A8=	8.239289951418221E9
# A9=	-3.648973301189379E9
# Rmes(Ohm) Tmes(K)
1.584937E4 1.6673
1.451757E4 1.7673
1.328259E4 1.8697
1.220783E4 1.9682
1.084176E4 2.1124
1.006650E4 2.2068
9.377613E3 2.3024
8.743161E3 2.3996
8.188095E3 2.4965
7.691667E3 2.5940
7.246001E3 2.6915
6.848173E3 2.7891
6.488089E3 2.8876
6.162699E3 2.9859
5.867440E3 3.0840
5.601488E3 3.1816
5.354755E3 3.2805
5.131563E3 3.3788
4.926114E3 3.4768
4.736914E3 3.5755
4.561323E3 3.6740
4.398803E3 3.7728
4.248479E3 3.8713
4.109083E3 3.9697
3.979460E3 4.0678
3.857148E3 4.1664
3.636150E3 4.3634
3.440484E3 4.5610
3.110325E3 4.9566
2.515176E3 5.9711
2.137439E3 6.9604
1.870298E3 7.9506
1.670433E3 8.9409
1.515527E3 9.9309
1.389055E3 10.9373
1.286619E3 11.9294
1.200543E3 12.9214
1.126877E3 13.9140
1.063019E3 14.9063
1.001929E3 15.9940
9.520927E2 17.0000
9.078840E2 17.9989
8.680624E2 18.9968
8.319502E2 19.9951
7.989647E2 20.9934
7.687490E2 21.9908
7.408983E2 22.9883
7.151555E2 23.9868
6.911371E2 24.9885
6.688493E2 25.9875
6.480452E2 26.9835
6.285659E2 27.9800
4.629080E2 39.9853
4.613617E2 40.1386
3.665955E2 52.0667
3.154883E2 61.4898
2.755528E2 71.2784
2.453209E2 80.7783
2.240253E2 88.9638
2.024344E2 98.9669
1.851744E2 108.5686
1.698400E2 118.6775
1.575921E2 128.0950
1.453522E2 139.0104
1.350809E2 149.6178
1.279988E2 157.8789
1.190790E2 169.6276
1.160945E2 173.9489
1.080573E2 186.7284
1.026750E2 196.3878
9.925066E1 203.0598
9.468154E1 212.7432
9.125918E1 220.6350
8.606148E1 233.8238
8.270294E1 243.2609
7.846251E1 256.3809
7.425338E1 270.9858
7.174935E1 280.5556
6.922736E1 290.9486
6.696006E1 301.0568
6.489988E1 310.9203
}
