breaktable(CX_LS_X105675) {
# Thermometre :	CX_LS_X105675
# Environment :	VA
# Date :	25/02/2016
# Function :	 logT = Sum ( Ai / logR^i )
# Coefficients :	
# A0=	-784.692889308632700E3
# A1=	26.200479120344229E6
# A2=	-388.459642733469550E6
# A3=	3.356594584314577E9
# A4=	-18.627617821021774E9
# A5=	68.850678569633636E9
# A6=	-169.490532950862400E9
# A7=	267.959725396959050E9
# A8=	-246.875758378932830E9
# A9=	100.987892804085360E9
# Rmes(Ohm) Tmes(K)
2.589276E4 1.5982
2.465440E4 1.6649
2.273408E4 1.7685
2.096590E4 1.8671
1.929165E4 1.9663
1.712419E4 2.1089
1.588717E4 2.2022
1.468768E4 2.2993
1.365016E4 2.3955
1.271531E4 2.4919
1.188249E4 2.5890
1.112296E4 2.6877
1.043977E4 2.7870
9.837480E3 2.8855
9.296263E3 2.9837
8.798756E3 3.0823
8.356442E3 3.1802
7.953861E3 3.2783
7.586508E3 3.3766
7.251347E3 3.4745
6.943487E3 3.5729
6.661443E3 3.6709
6.399836E3 3.7692
6.159349E3 3.8667
6.158986E3 3.8671
5.935459E3 3.9653
5.728371E3 4.0630
5.536033E3 4.1608
4.877871E3 4.5552
4.875917E3 4.5568
4.362993E3 4.9519
3.451455E3 5.9682
2.886989E3 6.9574
2.494254E3 7.9477
2.205197E3 8.9383
1.983145E3 9.9283
1.803880E3 10.9346
1.657907E3 11.9417
1.539039E3 12.9223
1.437451E3 13.9116
1.349821E3 14.9022
1.265878E3 15.9951
1.198300E3 16.9993
1.138720E3 17.9940
1.085270E3 18.9892
1.036842E3 19.9862
9.928005E2 20.9863
9.522939E2 21.9914
9.154040E2 22.9890
8.814281E2 23.9871
8.499177E2 24.9884
8.207094E2 25.9867
7.935247E2 26.9854
7.681337E2 27.9828
7.443119E2 28.9809
7.245024E2 29.8658
6.210005E2 35.4118
5.553418E2 40.0190
4.390026E2 51.5712
3.762183E2 60.7619
3.270396E2 70.3884
2.896705E2 79.8430
2.630902E2 88.1379
2.384318E2 97.4248
2.174369E2 106.9210
1.991381E2 116.7276
1.831880E2 126.7865
1.700485E2 136.4064
1.576493E2 146.8649
1.493112E2 154.8177
1.381195E2 166.9147
1.353631E2 170.1888
1.262518E2 181.9832
1.193312E2 192.0860
1.153450E2 198.4457
1.098039E2 208.0362
1.058758E2 215.4261
1.001577E2 227.2239
9.608650E1 236.4848
9.101916E1 249.1852
8.330887E1 271.5781
8.140039E1 277.8249
7.816104E1 289.1270
7.772527E1 290.7280
7.270932E1 310.6422
}
