breaktable(CX_LS_X104978) {
# Thermometre :	CX_LS_X104978
# Environment :	VA
# Date :	14/10/2015
# Function :	 logT = Sum ( Ai / logR^i )
# Coefficients :	
# A0=	-662.418499880653810E3
# A1=	22.066044423550870E6
# A2=	-326.420697805695830E6
# A3=	2.814356534174736E9
# A4=	-15.585327744114494E9
# A5=	57.487486265200165E9
# A6=	-141.235306849355680E9
# A7=	222.856139710120910E9
# A8=	-204.933789816510960E9
# A9=	83.676904323986557E9
# Rmes(Ohm) Tmes(K)
2.431684E4 1.6668
2.247947E4 1.7672
2.069247E4 1.8697
1.906973E4 1.9683
1.691948E4 2.1124
1.567674E4 2.2068
1.453561E4 2.3022
1.350927E4 2.3996
1.259264E4 2.4964
1.177142E4 2.5940
1.103625E4 2.6915
1.037514E4 2.7891
9.775226E3 2.8876
9.240055E3 2.9859
8.757825E3 3.0840
8.321908E3 3.1816
7.921457E3 3.2806
7.558140E3 3.3788
7.226988E3 3.4768
6.922361E3 3.5754
6.640834E3 3.6740
6.381112E3 3.7728
6.142031E3 3.8713
5.921459E3 3.9697
5.715359E3 4.0678
5.523620E3 4.1664
5.177380E3 4.3634
4.872530E3 4.5610
4.363072E3 4.9566
3.459238E3 5.9711
2.897540E3 6.9604
2.506402E3 7.9506
2.218003E3 8.9409
1.996450E3 9.9310
1.817101E3 10.9372
1.673126E3 11.9294
1.552878E3 12.9214
1.450631E3 13.9140
1.362484E3 14.9063
1.278546E3 15.9937
1.210646E3 16.9999
1.150430E3 17.9988
1.096484E3 18.9968
1.047766E3 19.9951
1.003410E3 20.9934
9.629135E2 21.9906
9.257130E2 22.9880
8.914256E2 23.9863
8.595118E2 24.9883
8.299949E2 25.9871
8.025155E2 26.9831
7.768516E2 27.9794
5.613363E2 39.9783
5.593469E2 40.1308
4.384724E2 52.0562
3.740731E2 61.4837
3.242632E2 71.2711
2.868705E2 80.7677
2.607035E2 88.9483
2.343203E2 98.9542
2.133536E2 108.5552
1.948162E2 118.6632
1.800919E2 128.0726
1.654102E2 138.9985
1.531582E2 149.6077
1.447426E2 157.8670
1.341754E2 169.6174
1.306515E2 173.9383
1.211788E2 186.7209
1.148524E2 196.3799
1.108450E2 203.0522
1.055005E2 212.7387
1.015158E2 220.6127
9.545510E1 233.8213
9.155093E1 243.2675
8.663946E1 256.3840
8.177330E1 270.9927
7.888344E1 280.5690
7.597893E1 290.9621
7.337391E1 301.0646
7.100468E1 310.9451
}
