breaktable(CX_LS_X107607) {
# Thermometre :	CX_LS_X107607
# Environment :	VA
# Date :	25/02/2016
# Function :	 logT = Sum ( Ai / logR^i )
# Coefficients :	
# A0=	-191.634774347010590E3
# A1=	5.660685792697123E6
# A2=	-74.247561644193172E6
# A3=	567.542522679319380E6
# A4=	-2.786146997196416E9
# A5=	9.109281883738550E9
# A6=	-19.834946977539318E9
# A7=	27.736015363227451E9
# A8=	-22.600609019382301E9
# A9=	8.176269726983539E9
# Rmes(Ohm) Tmes(K)
7.601892E3 1.5966
7.129413E3 1.6650
6.492804E3 1.7685
5.966586E3 1.8671
5.508755E3 1.9663
4.947750E3 2.1090
4.640178E3 2.2021
4.353756E3 2.2995
4.106139E3 2.3955
3.882725E3 2.4919
3.681722E3 2.5892
3.499518E3 2.6874
3.332158E3 2.7868
3.182763E3 2.8856
3.047483E3 2.9837
2.924437E3 3.0823
2.812155E3 3.1801
2.708117E3 3.2784
2.612858E3 3.3766
2.524719E3 3.4745
2.442634E3 3.5730
2.366566E3 3.6709
2.295472E3 3.7693
2.229440E3 3.8667
2.229346E3 3.8671
2.167352E3 3.9653
2.109494E3 4.0629
2.055038E3 4.1608
1.865052E3 4.5552
1.864455E3 4.5568
1.711332E3 4.9519
1.426748E3 5.9683
1.240607E3 6.9574
1.105410E3 7.9477
1.002347E3 8.9382
9.209128E2 9.9282
8.535129E2 10.9345
7.978345E2 11.9343
7.508561E2 12.9233
7.104163E2 13.9116
6.749529E2 14.9021
6.405449E2 15.9941
6.124261E2 16.9990
5.873144E2 17.9951
5.645429E2 18.9887
5.437267E2 19.9857
5.245489E2 20.9853
5.067714E2 21.9907
4.904344E2 22.9878
4.752620E2 23.9849
4.610532E2 24.9877
4.478032E2 25.9852
4.353777E2 26.9831
4.236906E2 27.9798
4.126380E2 28.9789
4.032449E2 29.8725
3.543034E2 35.3996
3.222325E2 40.0088
2.636241E2 51.5620
2.309040E2 60.7470
2.046213E2 70.3718
1.842743E2 79.7931
1.695028E2 88.0942
1.555822E2 97.3919
1.435721E2 106.8819
1.329639E2 116.6908
1.236010E2 126.7524
1.158080E2 136.3601
1.083509E2 146.8338
1.033039E2 154.7839
9.646482E1 166.8859
9.476941E1 170.1653
8.913921E1 181.9469
8.482248E1 192.0615
8.232059E1 198.4291
7.881691E1 208.0489
7.633549E1 215.4125
7.268734E1 227.2222
7.006838E1 236.5165
6.680515E1 249.2041
6.179473E1 271.5814
6.054570E1 277.8232
5.840356E1 289.2278
5.812143E1 290.7956
5.480189E1 310.7447
}
