breaktable(CX_LS_X104942) {
# Thermometre :	CX_LS_X104942
# Environment :	VA
# Date :	14/10/2015
# Function :	 logT = Sum ( Ai / logR^i )
# Coefficients :	
# A0=	-481.729662713274300E3
# A1=	15.978505164209256E6
# A2=	-235.381944770736900E6
# A3=	2.021159648404215E9
# A4=	-11.148209220632330E9
# A5=	40.961067463649246E9
# A6=	-100.251447782460890E9
# A7=	157.601971280354710E9
# A8=	-144.404299777527530E9
# A9=	58.754497546354965E9
# Rmes(Ohm) Tmes(K)
2.473301E4 1.6672
2.286662E4 1.7673
2.104281E4 1.8697
1.938758E4 1.9682
1.719407E4 2.1124
1.592251E4 2.2068
1.477873E4 2.3023
1.371244E4 2.3996
1.277834E4 2.4964
1.193477E4 2.5940
1.118711E4 2.6915
1.051124E4 2.7891
9.903577E3 2.8876
9.359689E3 2.9859
8.867180E3 3.0840
8.423297E3 3.1816
8.015750E3 3.2805
7.647327E3 3.3788
7.309232E3 3.4768
6.999600E3 3.5754
6.713102E3 3.6740
6.449383E3 3.7728
6.206628E3 3.8713
5.981946E3 3.9697
5.773536E3 4.0678
5.577947E3 4.1664
5.226433E3 4.3634
4.917220E3 4.5610
4.400512E3 4.9566
3.485086E3 5.9711
2.916767E3 6.9604
2.520785E3 7.9506
2.229906E3 8.9409
2.005893E3 9.9309
1.825211E3 10.9373
1.679885E3 11.9294
1.558641E3 12.9214
1.455584E3 13.9140
1.366813E3 14.9063
1.282341E3 15.9939
1.213901E3 17.0000
1.153315E3 17.9989
1.099047E3 18.9968
1.050009E3 19.9951
1.005402E3 20.9934
9.646805E2 21.9908
9.272799E2 22.9883
8.928147E2 23.9868
8.607567E2 24.9885
8.310980E2 25.9874
8.034852E2 26.9835
7.777057E2 27.9800
5.613427E2 39.9843
5.593481E2 40.1376
4.381855E2 52.0654
3.737373E2 61.4891
3.238775E2 71.2774
2.864549E2 80.7768
2.602759E2 88.9617
2.339026E2 98.9651
2.129527E2 108.5669
1.944421E2 118.6755
1.797346E2 128.0919
1.651024E2 139.0090
1.528820E2 149.6166
1.444885E2 157.8774
1.339547E2 169.6264
1.304404E2 173.9476
1.210016E2 186.7275
1.147027E2 196.3869
1.107100E2 203.0588
1.053813E2 212.7426
1.014040E2 220.6323
9.537685E1 233.8235
9.149303E1 243.2617
8.660147E1 256.3814
8.175900E1 270.9868
7.888448E1 280.5573
7.599442E1 290.9502
7.340093E1 301.0579
7.104759E1 310.9239
}
