breaktable(CX_LS_X106956) {
# Thermometre :	CX_LS_X106956
# Environment :	VA
# Date :	14/10/2015
# Function :	 logT = Sum ( Ai / logR^i )
# Coefficients :	
# A0=	28.598134487091112E3
# A1=	-1.007365538713184E6
# A2=	15.394713435955351E6
# A3=	-134.756768949803620E6
# A4=	747.505348565002440E6
# A5=	-2.732340364998029E9
# A6=	6.594240987626602E9
# A7=	-10.147211194966934E9
# A8=	9.044209627330532E9
# A9=	-3.560571283283284E9
# Rmes(Ohm) Tmes(K)
7.468069E3 1.6693
6.832832E3 1.7679
6.262763E3 1.8697
5.784078E3 1.9681
5.190348E3 2.1125
4.859229E3 2.2069
4.563230E3 2.3033
4.300181E3 2.3996
4.063369E3 2.4967
3.851242E3 2.5940
3.661160E3 2.6914
3.488850E3 2.7890
3.332035E3 2.8877
3.190258E3 2.9859
3.060070E3 3.0840
2.941730E3 3.1816
2.831658E3 3.2805
2.731076E3 3.3788
2.638313E3 3.4767
2.551504E3 3.5757
2.471280E3 3.6740
2.396358E3 3.7728
2.326730E3 3.8712
2.261390E3 3.9697
2.200112E3 4.0679
2.142860E3 4.1664
2.037534E3 4.3634
1.943539E3 4.5610
1.782793E3 4.9565
1.485333E3 5.9712
1.290233E3 6.9604
1.148835E3 7.9506
1.041136E3 8.9410
9.561882E2 9.9308
8.858972E2 10.9373
8.281302E2 11.9295
7.790966E2 12.9213
7.367283E2 13.9140
6.996803E2 14.9064
6.639294E2 15.9951
6.346044E2 17.0004
6.083511E2 17.9994
5.845815E2 18.9970
5.628848E2 19.9954
5.429607E2 20.9938
5.246098E2 21.9917
5.076121E2 22.9896
4.918212E2 23.9891
4.770553E2 24.9893
4.632732E2 25.9889
4.503539E2 26.9857
4.382062E2 27.9829
3.328371E2 40.0163
3.318368E2 40.1726
2.698030E2 52.1125
2.357926E2 61.5167
2.087300E2 71.3102
1.879660E2 80.8240
1.731869E2 89.0305
1.580935E2 99.0213
1.459000E2 108.6274
1.349612E2 118.7391
1.261115E2 128.1918
1.172747E2 139.0621
1.097668E2 149.6621
1.045488E2 157.9311
9.794747E1 169.6728
9.572238E1 173.9958
8.971967E1 186.7614
8.567113E1 196.4226
8.308810E1 203.0934
7.962697E1 212.7630
7.699687E1 220.7333
7.304770E1 233.8352
7.047804E1 243.2320
6.720032E1 256.3672
6.394001E1 270.9551
6.199558E1 280.4968
6.002683E1 290.8892
5.824518E1 301.0233
5.663823E1 310.8117
}
