breaktable(CX_LS_X104954) {
# Thermometre :	CX_LS_X104954
# Environment :	VA
# Date :	14/10/2015
# Function :	 logT = Sum ( Ai / logR^i )
# Coefficients :	
# A0=	-765.318085573963470E3
# A1=	25.688193477868464E6
# A2=	-382.900083345731380E6
# A3=	3.326491209679853E9
# A4=	-18.562010103751141E9
# A5=	68.990277955430160E9
# A6=	-170.792342876651760E9
# A7=	271.560460254212160E9
# A8=	-251.640046305653720E9
# A9=	103.539146131044740E9
# Rmes(Ohm) Tmes(K)
2.617794E4 1.6666
2.425330E4 1.7671
2.234918E4 1.8697
2.061251E4 1.9683
1.830325E4 2.1123
1.694584E4 2.2068
1.572136E4 2.3021
1.458934E4 2.3996
1.359058E4 2.4964
1.268967E4 2.5940
1.188534E4 2.6915
1.116720E4 2.7891
1.051498E4 2.8876
9.931838E3 2.9859
9.403822E3 3.0841
8.927712E3 3.1816
8.490449E3 3.2806
8.095254E3 3.3788
7.735144E3 3.4769
7.403371E3 3.5754
7.097214E3 3.6740
6.815641E3 3.7728
6.556018E3 3.8713
6.316380E3 3.9697
6.093585E3 4.0678
5.885907E3 4.1664
5.511118E3 4.3634
5.181758E3 4.5611
4.631868E3 4.9566
3.659976E3 5.9711
3.057670E3 6.9604
2.639680E3 7.9506
2.331923E3 8.9409
2.095673E3 9.9310
1.905258E3 10.9372
1.752437E3 11.9294
1.624980E3 12.9214
1.516718E3 13.9140
1.423500E3 14.9063
1.334880E3 15.9936
1.263100E3 16.9999
1.199558E3 17.9987
1.142672E3 18.9968
1.091319E3 19.9950
1.044618E3 20.9933
1.002004E3 21.9906
9.628785E2 22.9879
9.268445E2 23.9861
8.932994E2 24.9882
8.623005E2 25.9870
8.334549E2 26.9828
8.065284E2 27.9791
5.808952E2 39.9747
5.788165E2 40.1269
4.526779E2 52.0510
3.855840E2 61.4806
3.337916E2 71.2674
2.949620E2 80.7624
2.678124E2 88.9409
2.404542E2 98.9482
2.187367E2 108.5484
1.995591E2 118.6563
1.843512E2 128.0619
1.691840E2 138.9925
1.565415E2 149.6026
1.478636E2 157.8609
1.369727E2 169.6122
1.333430E2 173.9328
1.235870E2 186.7171
1.170755E2 196.3759
1.129523E2 203.0483
1.074540E2 212.7364
1.033615E2 220.6013
9.712644E1 233.8200
9.311242E1 243.2708
8.806805E1 256.3856
8.307049E1 270.9963
8.010241E1 280.5759
7.712109E1 290.9690
7.444907E1 301.0684
7.201591E1 310.9577
}
