breaktable(CX_LS_X107578) {
# Thermometre :	CX_LS_X107578
# Environment :	VA
# Date :	25/02/2016
# Function :	 logT = Sum ( Ai / logR^i )
# Coefficients :	
# A0=	-491.486880067676540E3
# A1=	14.915410445545409E6
# A2=	-200.980291725844650E6
# A3=	1.578183689582365E9
# A4=	-7.958634664920838E9
# A5=	26.729179474577091E9
# A6=	-59.785328261389847E9
# A7=	85.875269380802444E9
# A8=	-71.879666119383118E9
# A9=	26.712059186785953E9
# Rmes(Ohm) Tmes(K)
8.463128E3 1.5952
7.922394E3 1.6652
7.209659E3 1.7685
6.617481E3 1.8671
6.099622E3 1.9663
5.465817E3 2.1090
5.125012E3 2.2021
4.801899E3 2.2996
4.520389E3 2.3955
4.271277E3 2.4919
4.042322E3 2.5894
3.839054E3 2.6872
3.653326E3 2.7867
3.485061E3 2.8856
3.332575E3 2.9837
3.194871E3 3.0823
3.069037E3 3.1800
2.953287E3 3.2785
2.846894E3 3.3766
2.748910E3 3.4745
2.657631E3 3.5730
2.572950E3 3.6709
2.494165E3 3.7693
2.421104E3 3.8667
2.421106E3 3.8671
2.352156E3 3.9654
2.288050E3 4.0629
2.227527E3 4.1608
2.017562E3 4.5552
2.016714E3 4.5568
1.847796E3 4.9519
1.535007E3 5.9683
1.331118E3 6.9574
1.183501E3 7.9477
1.071230E3 8.9381
9.826975E2 9.9281
9.095700E2 10.9344
8.495294E2 11.9276
7.983597E2 12.9241
7.547789E2 13.9116
7.164127E2 14.9021
6.793328E2 15.9931
6.490445E2 16.9987
6.219434E2 17.9961
5.975202E2 18.9883
5.751162E2 19.9852
5.545800E2 20.9843
5.354770E2 21.9899
5.179645E2 22.9867
5.017137E2 23.9828
4.864672E2 24.9870
4.722929E2 25.9838
4.590022E2 26.9809
4.465087E2 27.9771
4.346765E2 28.9771
4.246181E2 29.8787
3.724953E2 35.3882
3.383024E2 39.9994
2.760145E2 51.5534
2.413606E2 60.7332
2.135605E2 70.3563
1.921354E2 79.7467
1.765515E2 88.0535
1.618713E2 97.3612
1.492403E2 106.8454
1.380987E2 116.6565
1.282757E2 126.7208
1.201186E2 136.3170
1.123006E2 146.8048
1.070242E2 154.7528
9.987575E1 166.8592
9.810413E1 170.1435
9.223497E1 181.9133
8.772836E1 192.0387
8.511996E1 198.4137
8.146046E1 208.0607
7.888802E1 215.3998
7.509070E1 227.2207
7.235902E1 236.5463
6.897587E1 249.2217
6.378379E1 271.5845
6.249036E1 277.8216
6.025226E1 289.3212
5.996579E1 290.8582
5.652615E1 310.8406
}
