breaktable(CX_LS_X106537) {
# Thermometre :	CX_LS_X106537
# Environment :	VA
# Date :	14/10/2015
# Function :	 logT = Sum ( Ai / logR^i )
# Coefficients :	
# A0=	-74.554732048051926E3
# A1=	2.263000068048578E6
# A2=	-30.484720681613676E6
# A3=	239.172765065566720E6
# A4=	-1.204252772958730E9
# A5=	4.034980369270138E9
# A6=	-8.995566830560719E9
# A7=	12.865535900705990E9
# A8=	-10.709800279400892E9
# A9=	3.952974909676562E9
# Rmes(Ohm) Tmes(K)
1.464903E4 1.6673
1.338671E4 1.7674
1.222914E4 1.8697
1.122616E4 1.9682
9.964182E3 2.1124
9.258546E3 2.2068
8.623374E3 2.3024
8.044717E3 2.3996
7.539908E3 2.4965
7.084935E3 2.5940
6.680409E3 2.6915
6.317006E3 2.7891
5.987348E3 2.8876
5.689855E3 2.9859
5.421499E3 3.0840
5.177757E3 3.1816
4.953143E3 3.2805
4.748789E3 3.3788
4.560844E3 3.4768
4.387992E3 3.5755
4.226830E3 3.6740
4.078432E3 3.7728
3.940671E3 3.8713
3.812973E3 3.9697
3.693644E3 4.0678
3.581745E3 4.1664
3.378800E3 4.3634
3.199046E3 4.5610
2.895616E3 4.9566
2.347075E3 5.9711
1.998237E3 6.9604
1.750374E3 7.9506
1.565691E3 8.9409
1.421568E3 9.9309
1.304319E3 10.9373
1.208966E3 11.9294
1.128810E3 12.9214
1.060179E3 13.9140
1.000639E3 14.9063
9.436466E2 15.9940
8.971662E2 17.0000
8.558852E2 17.9989
8.186901E2 18.9968
7.849310E2 19.9951
7.540902E2 20.9934
7.258262E2 21.9909
6.997664E2 22.9884
6.756656E2 23.9869
6.531761E2 24.9885
6.322959E2 25.9875
6.128015E2 26.9836
5.945406E2 27.9801
4.390062E2 39.9862
4.375518E2 40.1395
3.483520E2 52.0679
3.001759E2 61.4906
2.624814E2 71.2793
2.339214E2 80.7796
2.137869E2 88.9657
1.933611E2 98.9684
1.770237E2 108.5702
1.624962E2 118.6789
1.508847E2 128.0977
1.392754E2 139.0118
1.295281E2 149.6190
1.228041E2 157.8803
1.143322E2 169.6289
1.114967E2 173.9503
1.038580E2 186.7293
9.873676E1 196.3888
9.548471E1 203.0609
9.113875E1 212.7437
8.788222E1 220.6377
8.293686E1 233.8242
7.974069E1 243.2601
7.570330E1 256.3805
7.169541E1 270.9849
6.931058E1 280.5540
6.690822E1 290.9469
6.474807E1 301.0559
6.278552E1 310.9173
}
