breaktable(CX_LS_X106574) {
# Thermometre :	CX_LS_X106574
# Environment :	VA
# Date :	14/10/2015
# Function :	 logT = Sum ( Ai / logR^i )
# Coefficients :	
# A0=	-113.085850316981280E3
# A1=	3.466068913559229E6
# A2=	-47.134196038489237E6
# A3=	373.203037060016330E6
# A4=	-1.895847758286487E9
# A5=	6.406858479557085E9
# A6=	-14.401470955900570E9
# A7=	20.759973842809280E9
# A8=	-17.411414116736599E9
# A9=	6.472148491232231E9
# Rmes(Ohm) Tmes(K)
1.480628E4 1.6674
1.353643E4 1.7674
1.236906E4 1.8697
1.136049E4 1.9682
1.008150E4 2.1124
9.364064E3 2.2068
8.717822E3 2.3025
8.137609E3 2.3996
7.627789E3 2.4965
7.169531E3 2.5940
6.755886E3 2.6915
6.389609E3 2.7890
6.055117E3 2.8876
5.754491E3 2.9859
5.482316E3 3.0840
5.236272E3 3.1816
5.008236E3 3.2805
4.801373E3 3.3788
4.611372E3 3.4768
4.436026E3 3.5755
4.273447E3 3.6740
4.122857E3 3.7728
3.983776E3 3.8712
3.854397E3 3.9697
3.733357E3 4.0678
3.620553E3 4.1664
3.414910E3 4.3634
3.233266E3 4.5610
2.926210E3 4.9566
2.371477E3 5.9711
2.018721E3 6.9604
1.768202E3 7.9506
1.581459E3 8.9409
1.435937E3 9.9309
1.317292E3 10.9373
1.220926E3 11.9294
1.139963E3 12.9214
1.070623E3 13.9140
1.010480E3 14.9063
9.528723E2 15.9941
9.059226E2 17.0000
8.642250E2 17.9989
8.266475E2 18.9968
7.925449E2 19.9952
7.613930E2 20.9935
7.328392E2 21.9909
7.065138E2 22.9884
6.821691E2 23.9870
6.594523E2 24.9886
6.383646E2 25.9876
6.186743E2 26.9837
6.002311E2 27.9803
4.431273E2 39.9880
4.416580E2 40.1415
3.515817E2 52.0706
3.029480E2 61.4921
2.648909E2 71.2810
2.360543E2 80.7821
2.157262E2 88.9694
1.951075E2 98.9715
1.786116E2 108.5737
1.639418E2 118.6827
1.522150E2 128.1031
1.405020E2 139.0147
1.306662E2 149.6217
1.238830E2 157.8832
1.153370E2 169.6316
1.124758E2 173.9529
1.047723E2 186.7311
9.960708E1 196.3909
9.632728E1 203.0627
9.194484E1 212.7448
8.865822E1 220.6432
8.367323E1 233.8248
8.045084E1 243.2585
7.637900E1 256.3798
7.233718E1 270.9832
6.993261E1 280.5507
6.751022E1 290.9436
6.533142E1 301.0540
6.335368E1 310.9112
}
