breaktable(CX_LS_X107605) {
# Thermometre :	CX_LS_X107605
# Environment :	VA
# Date :	25/02/2016
# Function :	 logT = Sum ( Ai / logR^i )
# Coefficients :	
# A0=	392.699391666823360E3
# A1=	-11.999486069507554E6
# A2=	162.673106533489200E6
# A3=	-1.284233165525737E9
# A4=	6.506782620915952E9
# A5=	-21.943022821621754E9
# A6=	49.255154592283173E9
# A7=	-70.966520286286652E9
# A8=	59.555077393902466E9
# A9=	-22.180013461287128E9
# Rmes(Ohm) Tmes(K)
7.316130E3 1.5965
6.869177E3 1.6651
6.268728E3 1.7685
5.771440E3 1.8671
5.339677E3 1.9663
4.815031E3 2.1090
4.509705E3 2.2021
4.241104E3 2.2995
4.007001E3 2.3955
3.790621E3 2.4919
3.598863E3 2.5892
3.425337E3 2.6874
3.265833E3 2.7868
3.123295E3 2.8856
2.993113E3 2.9837
2.874775E3 3.0823
2.766832E3 3.1801
2.666927E3 3.2784
2.574887E3 3.3766
2.490102E3 3.4745
2.410709E3 3.5730
2.337553E3 3.6709
2.268761E3 3.7693
2.205125E3 3.8667
2.204820E3 3.8671
2.144971E3 3.9653
2.088852E3 4.0629
2.036183E3 4.1608
1.851822E3 4.5552
1.851183E3 4.5568
1.702410E3 4.9519
1.424840E3 5.9683
1.242547E3 6.9574
1.109774E3 7.9477
1.008284E3 8.9382
9.279193E2 9.9282
8.612818E2 10.9345
8.061604E2 11.9338
7.595392E2 12.9233
7.193925E2 13.9116
6.840937E2 14.9021
6.498297E2 15.9940
6.217937E2 16.9990
5.967274E2 17.9952
5.739757E2 18.9887
5.531669E2 19.9856
5.339579E2 20.9852
5.161561E2 21.9906
4.997774E2 22.9877
4.845534E2 23.9847
4.702845E2 24.9876
4.569702E2 25.9851
4.444748E2 26.9829
4.327145E2 27.9796
4.215863E2 28.9788
4.121121E2 29.8730
3.627349E2 35.3987
3.302812E2 40.0081
2.707906E2 51.5613
2.374702E2 60.7460
2.106412E2 70.3705
1.898331E2 79.7894
1.747011E2 88.0909
1.604198E2 97.3894
1.480858E2 106.8790
1.371782E2 116.6880
1.275392E2 126.7498
1.195094E2 136.3566
1.118173E2 146.8315
1.066085E2 154.7816
9.954486E1 166.8838
9.779257E1 170.1636
9.197239E1 181.9442
8.750660E1 192.0597
8.491750E1 198.4278
8.128959E1 208.0498
7.872081E1 215.4115
7.494078E1 227.2221
7.222533E1 236.5189
6.884236E1 249.2055
6.364615E1 271.5817
6.235018E1 277.8230
6.012556E1 289.2353
5.983312E1 290.8003
5.638622E1 310.7523
}
