breaktable(CX_LS_X104958) {
# Thermometre :	CX_LS_X104958
# Environment :	VA
# Date :	14/10/2015
# Function :	 logT = Sum ( Ai / logR^i )
# Coefficients :	
# A0=	-483.703886790436460E3
# A1=	15.870083708456993E6
# A2=	-231.241591219668060E6
# A3=	1.963928685296594E9
# A4=	-10.713833488295773E9
# A5=	38.932121485303925E9
# A6=	-94.233831355009262E9
# A7=	146.500709069920350E9
# A8=	-132.740298650416500E9
# A9=	53.406158912652389E9
# Rmes(Ohm) Tmes(K)
2.112823E4 1.6667
1.945207E4 1.7672
1.784464E4 1.8697
1.641104E4 1.9683
1.454435E4 2.1123
1.347999E4 2.2068
1.251368E4 2.3021
1.163512E4 2.3996
1.085479E4 2.4964
1.016028E4 2.5940
9.542920E3 2.6915
8.988667E3 2.7891
8.478645E3 2.8876
8.025951E3 2.9859
7.619169E3 3.0841
7.250011E3 3.1816
6.911008E3 3.2806
6.602508E3 3.3788
6.321687E3 3.4769
6.062574E3 3.5754
5.823146E3 3.6740
5.601987E3 3.7728
5.398201E3 3.8713
5.209262E3 3.9697
5.033077E3 4.0678
4.869710E3 4.1664
4.572415E3 4.3634
4.311047E3 4.5611
3.872511E3 4.9566
3.090219E3 5.9711
2.600814E3 6.9604
2.258191E3 7.9506
2.004608E3 8.9409
1.809053E3 9.9310
1.650700E3 10.9372
1.522843E3 11.9294
1.415892E3 12.9214
1.324798E3 13.9140
1.246108E3 14.9063
1.171130E3 15.9936
1.110260E3 16.9999
1.056267E3 17.9987
1.007813E3 18.9968
9.639880E2 19.9950
9.240607E2 20.9933
8.875736E2 21.9906
8.540193E2 22.9879
8.230657E2 23.9861
7.942150E2 24.9882
7.675131E2 25.9870
7.426345E2 26.9829
7.193828E2 27.9791
5.233425E2 39.9756
5.215239E2 40.1278
4.108558E2 52.0522
3.516258E2 61.4813
3.056987E2 71.2683
2.711358E2 80.7637
2.468976E2 88.9427
2.224100E2 98.9497
2.029248E2 108.5501
1.856779E2 118.6580
1.719673E2 128.0646
1.582647E2 138.9942
1.468200E2 149.6038
1.389507E2 157.8623
1.290598E2 169.6134
1.257598E2 173.9341
1.168796E2 186.7180
1.109443E2 196.3769
1.071829E2 203.0492
1.021623E2 212.7369
9.842121E1 220.6040
9.271848E1 233.8203
8.904357E1 243.2700
8.442061E1 256.3852
7.983658E1 270.9954
7.711266E1 280.5742
7.437477E1 290.9673
7.191926E1 301.0675
6.968295E1 310.9547
}
