breaktable(CX_LS_X107608) {
# Thermometre :	CX_LS_X107608
# Environment :	VA
# Date :	25/02/2016
# Function :	 logT = Sum ( Ai / logR^i )
# Coefficients :	
# A0=	-138.533078119007200E3
# A1=	4.097879717230315E6
# A2=	-53.798944359151743E6
# A3=	411.401224746714230E6
# A4=	-2.019317757458588E9
# A5=	6.597192968082340E9
# A6=	-14.345103483814089E9
# A7=	20.017911027367268E9
# A8=	-16.266021951748768E9
# A9=	5.863621384959202E9
# Rmes(Ohm) Tmes(K)
9.027372E3 1.5967
8.465575E3 1.6650
7.700446E3 1.7685
7.063536E3 1.8671
6.506924E3 1.9663
5.827604E3 2.1090
5.449201E3 2.2021
5.103254E3 2.2994
4.799853E3 2.3955
4.529588E3 2.4919
4.286836E3 2.5892
4.065478E3 2.6874
3.865920E3 2.7869
3.682769E3 2.8856
3.525223E3 2.9837
3.374236E3 3.0823
3.239765E3 3.1801
3.115642E3 3.2784
3.001430E3 3.3766
2.896650E3 3.4745
2.798878E3 3.5730
2.708553E3 3.6709
2.624080E3 3.7693
2.546050E3 3.8667
2.546056E3 3.8671
2.472627E3 3.9653
2.404185E3 4.0629
2.339869E3 4.1608
2.116195E3 4.5552
2.115317E3 4.5568
1.935867E3 4.9519
1.603984E3 5.9683
1.388329E3 6.9574
1.232540E3 7.9477
1.114264E3 8.9382
1.021137E3 9.9282
9.442978E2 10.9345
8.809632E2 11.9346
8.276946E2 12.9232
7.819747E2 13.9116
7.418422E2 14.9021
7.030110E2 15.9941
6.713175E2 16.9990
6.430656E2 17.9950
6.174802E2 18.9887
5.941480E2 19.9857
5.726305E2 20.9853
5.527471E2 21.9907
5.344823E2 22.9878
5.175321E2 23.9850
5.016801E2 24.9877
4.869069E2 25.9852
4.730644E2 26.9832
4.600570E2 27.9800
4.477675E2 28.9790
4.373366E2 29.8722
3.830642E2 35.4001
3.476241E2 40.0092
2.831092E2 51.5624
2.472497E2 60.7476
2.185365E2 70.3724
1.963670E2 79.7950
1.803116E2 88.0958
1.652099E2 97.3931
1.522063E2 106.8833
1.407420E2 116.6921
1.306410E2 126.7536
1.222469E2 136.3618
1.142274E2 146.8350
1.088062E2 154.7851
1.014688E2 166.8870
9.965164E1 170.1662
9.362164E1 181.9482
8.900421E1 192.0624
8.633030E1 198.4297
8.258848E1 208.0484
7.994037E1 215.4130
7.604998E1 227.2223
7.325965E1 236.5153
6.978574E1 249.2035
6.445960E1 271.5813
6.313357E1 277.8232
6.086035E1 289.2241
6.056084E1 290.7931
5.704105E1 310.7408
}
