breaktable(CX_LS_X105608) {
# Thermometre :	CX_LS_X105608
# Environment :	VA
# Date :	25/02/2016
# Function :	 logT = Sum ( Ai / logR^i )
# Coefficients :	
# A0=	-687.081676889164960E3
# A1=	22.759559692972966E6
# A2=	-334.777283559042810E6
# A3=	2.869939241341384E9
# A4=	-15.801637543805450E9
# A5=	57.946902089865471E9
# A6=	-141.530494299758670E9
# A7=	222.004207130442600E9
# A8=	-202.936875954780910E9
# A9=	82.365564566763885E9
# Rmes(Ohm) Tmes(K)
2.372317E4 1.5984
2.254286E4 1.6648
2.073124E4 1.7685
1.908240E4 1.8671
1.753490E4 1.9663
1.555126E4 2.1089
1.442046E4 2.2022
1.334867E4 2.2992
1.240498E4 2.3955
1.156860E4 2.4919
1.081655E4 2.5889
1.013600E4 2.6877
9.518295E3 2.7870
8.975562E3 2.8855
8.487238E3 2.9837
8.043110E3 3.0823
7.644051E3 3.1802
7.281958E3 3.2783
6.950646E3 3.3767
6.648335E3 3.4745
6.370214E3 3.5729
6.114735E3 3.6709
5.879119E3 3.7692
5.661277E3 3.8668
5.660912E3 3.8671
5.458319E3 3.9652
5.271436E3 4.0630
5.096878E3 4.1608
4.499861E3 4.5552
4.497485E3 4.5568
4.030946E3 4.9519
3.199099E3 5.9682
2.682194E3 6.9574
2.321550E3 7.9477
2.055414E3 8.9383
1.850622E3 9.9283
1.685061E3 10.9346
1.549956E3 11.9424
1.440045E3 12.9223
1.345926E3 13.9116
1.264608E3 14.9022
1.186637E3 15.9952
1.123910E3 16.9993
1.068498E3 17.9939
1.018843E3 18.9893
9.737764E2 19.9863
9.327484E2 20.9864
8.950453E2 21.9915
8.606780E2 22.9891
8.290103E2 23.9873
7.996345E2 24.9885
7.723964E2 25.9868
7.470330E2 26.9856
7.233394E2 27.9831
7.011047E2 28.9811
6.826352E2 29.8651
5.858800E2 35.4131
5.244708E2 40.0200
4.155136E2 51.5721
3.566237E2 60.7634
3.104479E2 70.3902
2.753162E2 79.8480
2.503156E2 88.1423
2.271062E2 97.4282
2.073275E2 106.9250
1.900743E2 116.7313
1.750243E2 126.7899
1.626172E2 136.4111
1.509043E2 146.8681
1.430211E2 154.8211
1.324357E2 166.9176
1.298277E2 170.1911
1.212014E2 181.9868
1.146479E2 192.0885
1.108712E2 198.4474
1.056214E2 208.0349
1.018956E2 215.4275
9.647469E1 227.2241
9.261507E1 236.4816
8.780564E1 249.1833
8.046902E1 271.5778
7.865247E1 277.8251
7.557823E1 289.1169
7.516342E1 290.7212
7.039419E1 310.6318
}
