breaktable(CX_LS_X105061) {
# Thermometre :	CX_LS_X105061
# Environment :	VA
# Date :	14/10/2015
# Function :	 logT = Sum ( Ai / logR^i )
# Coefficients :	
# A0=	-432.823866229588110E3
# A1=	14.356593361377383E6
# A2=	-211.509548799377620E6
# A3=	1.816486235510520E9
# A4=	-10.021744494916405E9
# A5=	36.833862646078751E9
# A6=	-90.185035896870132E9
# A7=	141.841180730867800E9
# A8=	-130.030636447900940E9
# A9=	52.936901928330498E9
# Rmes(Ohm) Tmes(K)
2.511030E4 1.6671
2.322169E4 1.7673
2.137821E4 1.8697
1.969299E4 1.9682
1.747111E4 2.1124
1.618113E4 2.2068
1.503146E4 2.3023
1.393418E4 2.3996
1.298028E4 2.4964
1.212165E4 2.5940
1.135966E4 2.6915
1.067493E4 2.7891
1.005463E4 2.8876
9.500686E3 2.9859
8.999186E3 3.0840
8.547636E3 3.1816
8.132552E3 3.2805
7.757103E3 3.3788
7.413233E3 3.4768
7.098444E3 3.5754
6.807013E3 3.6740
6.538917E3 3.7728
6.292209E3 3.8713
6.063435E3 3.9697
5.851189E3 4.0678
5.652888E3 4.1664
5.295249E3 4.3634
4.981027E3 4.5610
4.456319E3 4.9566
3.526219E3 5.9711
2.949698E3 6.9604
2.548519E3 7.9506
2.253235E3 8.9409
2.026643E3 9.9309
1.843609E3 10.9372
1.696375E3 11.9294
1.573690E3 12.9214
1.469406E3 13.9140
1.379565E3 14.9063
1.294062E3 15.9939
1.224847E3 17.0000
1.163565E3 17.9988
1.108680E3 18.9968
1.059095E3 19.9951
1.013992E3 20.9934
9.728278E2 21.9908
9.350207E2 22.9882
9.001885E2 23.9866
8.677872E2 24.9884
8.378117E2 25.9873
8.099175E2 26.9834
7.838699E2 27.9798
5.653768E2 39.9826
5.633647E2 40.1356
4.410829E2 52.0627
3.760518E2 61.4875
3.257658E2 71.2757
2.880366E2 80.7743
2.616475E2 88.9579
2.350657E2 98.9621
2.139579E2 108.5637
1.953049E2 118.6720
1.804873E2 128.0865
1.657369E2 139.0059
1.534256E2 149.6141
1.449702E2 157.8742
1.343596E2 169.6239
1.308203E2 173.9448
1.213135E2 186.7256
1.149704E2 196.3848
1.109500E2 203.0570
1.055842E2 212.7414
1.015822E2 220.6268
9.551087E1 233.8228
9.159943E1 243.2633
8.667518E1 256.3821
8.179957E1 270.9885
7.890511E1 280.5608
7.599561E1 290.9538
7.338510E1 301.0598
7.101496E1 310.9299
}
